599129055
347051873
1468008083
1676109157
2067375311
191743843
1013082231
1768839891
957940033
1979603065
89034569
148697065
919623167
1503202709
70301707
949887049
1321607603
691907077
1897845221
1899747057
215745081
1129440963
900476551
1084673827
1313535317
2096855611
57426223
1845521999
361900373
1606778161
1028106163
956751939
1747509115
88036771
648414645
528880167
638362799
1729365765
649601847
285158359
778452515
1594544039
461586887
1789552549
2059534753
827405699
1846265937
1840043185
1984009999
1952948957
1900590899
185183821
360682623
432472739
300765401
1686813197
1621635091
1540108689
1447187517
1286444411
355946537
1413771349
105490533
189302129
159669639
1478048487
189436489
1153195121
49600523
1635584377
233029787
1961490689
1684470151
449985913
1179344869
1952615519
1712913139
1322861681
1353074867
719894365
1084962227
707084715
641085943
2049284175
501436779
1931865593
156683505
912617189
859365899
882367505
482651861
704197581
48852371
572679055
1782491639
127651901
1153722069
1425085411
1471740767
265923219
1605181741
1700599697
601742551
1503201179
1659158431
271191005
1029704889
1185806417
1785343515
1663880083
973103437
754638241
461505093
1282696949
1278880691
288053595
98966887
2036569315
753089959
1971656673
1329063189
562275745
360059751
797539131
543114195
687301959
960238939
1976175547
410073277
1700444721
1459118313
949664067
1489192165
926000913
1179940851
1229302747
279406689
1584341695
209307629
1701706929
266781023
1941632245
242243549
599481239
1039018669
94814101
859571771
45011561
446623639
1541951625
850967855
121810117
579959437
1554943271
1556028357
1030326757
1576596939
376493523
510278535
1008392399
1921402277
1229908779
11832805
1131815917
1028816979
318964261
1388269937
392826823
1092665455
412261745
1760282513
322578095
1443022393
1086891269
1128830645
113365791
430068925
1676211067
777901109
1095924165
1108724125
91985707
1085537173
402228083
1966776015
1828459601
1371310207
459557361
765881249
836223505
119832061
1631319809
1045420713
2133078137
1880077737
431230897
1377748407
412924877
1932343735
1453983877
216323483
1623586383
822473101
1990442097
1378486445
29221347
773704603
393618873
291345329
835133493
2120516017
1676008933
754259093
509998087
817274169
1220156249
888812359
1042233981
1502199205
132019663
255641981
858711185
237068467
612682809
1507980395
1285266761
21731115
1096742043
1799691271
67986759
539160797
1482235549
119598985
1895439601
1130933403
901408705
68189015
969117719
1833359903
369994431
950003559
1679719575
479764887
1153692145
158466035
1807195223
1654668937
1791877029
1330561125
1873647757
1163619305
2110209021
101817501
2013166537
1198736253
1364872753
881709347
2107910975
1995898243
2052220445
1247722557
893988475
798263961
227845235
449444285
494168479
1431505865
97513281
1470970251
1519462519
1134874125
1755285887
323804393
1535517737
1485538397
1593456377
1172006209
1385163559
1027375407
1028831125
86777545
846237013
1967302237
2140058875
1727586009
799841755
102109273
458442329
1221121425
2041354835
1922959193
900973171
224234821
826264815
515512465
2003682339
1060162815
1021747429
1439431239
925692705
2114909731
2104130065
1234724561
988019097
945656685
1857986367
2061760163
266931173
195433831
1346138835
372932929
860906595
1702181977
335930613
851158219
1553906659
175539695
2027847973
1648519671
1217927599
18909591
1281040511
22275745
1945178289
362739031
1063198593
2017891063
1678161681
311949139
518549645
1778586777
625351227
1875393517
1983012985
1718627277
987093757
1500093985
1185636141
1482357023
365745877
384109305
606894591
273266835
2032472279
1614087863
643165383
1084596499
315235513
2131732507
632411835
329494073
1245250395
976187867
1226451295
313375767
308020591
1943479029
165810727
711046589
302703697
1020029725
471926729
2060706039
631860513
1381892531
2045972457
1999657589
599337893
922377209
1531940975
154376239
58129619
741421559
21447247
1888307443
447192909
1623032791
1515546169
1616155419
1635863271
657799613
1849419867
496810817
897223481
1182812269
1279046329
1763523653
1364206401
309849931
718109245
334381323
86272293
1527958127
414137563
423995543
1370627155
1629961053
1421902275
44596071
1395206163
1109494745
346977507
60037905
1684701341
1228697911
90334353
1696422877
1825299949
259985695
1280647267
395935819
516426021
2017025423
1877427123
917891345
505143653
1753178573
1285179189
1336535001
1708979809
1636942129
1765708503
1140564687
239452823
1960326365
168704319
1814616605
1182958683
1108002757
253847287
1395802471
579470471
1749572669
1112327135
210836161
1468658817
966807775
120043925
702480971
1036564965
389743629
732209371
1304368473
618822333
1679045703
1813593851
540471003
980481979
649459387
231712327
692102879
1794995807
1319319177
122974399
199323519
673844117
383339053
312639339
1753090675
1446886051
1666474005
1860645741
507975663
1906873717
1812795627
2006031781
594154133
1026944633
411578805
83880045
178453907
918048553
564106619
268357553
1761724197
1895081263
562006151
1491466933
894823801
1898613711
642232187
683892925
265823045
537106583
1358201143
76132591
1487403061
2122261217
684040269
561220111
871684983
1386412353
17415685
606849335
563019171
1680034637
553647737
2038320797
278143923
1608055821
703373693
2099444087
1907231225
1228367641
1192182891
854828599
470098809
1802528821
1091146691
461795435
106808913
1593137045
1323240747
1549607389
2053584715
1540425195
19045879
2039257877
1341245791
422121
2135094051
1134351563
283558085
398393679
30918673
1640816781
926289409
1892449769
787605993
1913378821
2019134271
1519356677
337442359
434470225
265501843
1967414679
1339301477
49360275
950392165
1120443599
1553937639
768483037
1868488821
1866312505
836576079
389907657
1349071227
1325885183
1667167021
1060827541
1608868419
846220551
1277113867
168836827
342848673
2111143977
63396481
549891599
1760009873
1876180677
1392000207
3324039
1493205869
1933227095
776814025
1589359975
239090975
2131934543
548756881
1550295087
828411973
2122517289
1901332199
2106313567
1900107463
1127252101
1400032143
634194693
359951847
813006657
1700368963
1341739693
247755721
1134597127
335126607
1524512841
2107764821
1835419711
330511275
431687209
1711143319
225489727
735705483
1650202485
521855761
593549805
1597267041
736446461
218965725
828875087
857205189
282744565
892550729
1644266581
467753069
971793125
843621237
937228843
1209924137
309722025
437018115
456540977
155050411
1940753105
1084374713
1874798017
579874639
319286787
644779319
1754033691
882438563
1313035827
1277966577
1150218573
275673407
1045399309
365035131
970074101
228705519
351270957
719871577
44094575
1357151445
885305001
416440607
1150364097
172233979
645123681
125260935
553568095
1771162895
1771918555
916090535
1630081065
1914471923
1191117043
509622395
217398273
1003624599
394763699
1307891917
1989037351
169734879
1451633135
1659148527
434338035
851836343
1104837563
1314595021
1159570007
2061650711
379078271
451980093
1545712701
1032726537
430485695
2056943399
574284135
372645565
16931773
1781237029
1478551997
1883580979
1869283873
419611165
669935567
1377972279
897633641
543569721
292992997
785431345
976874515
833225973
512350535
23524817
1351003635
1782444511
2009907717
422475767
1169127591
994483225
1219857173
1019632449
184613141
538976241
789282881
2042623441
587472805
84546315
736581729
2930463
261649571
1355996639
1240839139
378612315
1739228833
1762059711
1224353863
82494203
1579945737
981340783
964059917
1494447423
634715519
649061307
1995566889
580377543
270559131
533396873
907734365
188067651
1525089679
1972510327
932097321
1132997543
274962651
1644691907
694007285
22545759
445171785
880512105
381218103
704372173
1804334419
2111748919
748876357
496599159
1454673177
1906283983
1715133195
1995233975
2052262343
582044319
446682719
1289167539
1859955547
510165777
552740053
1359773077
1425004665
476111727
628747635
1663441241
1402673591
224214191
359107433
682726369
1913048721
1121568469
908208475
2032327789
1614562573
1087363411
1387191651
801137273
1971203995
212376747
568894327
527977451
1573888315
1170192071
550110255
852806085
438394243
1209900335
2147470555
2076125561
979859579
1535306093
28896163
2102314281
1038284821
531574373
1777720031
73796921
768418169
1765298549
1304567057
582613045
43068267
523741873
1958894849
1939653319
1879225067
772344865
1088233251
1046913139
1824184815
1171359157
985078529
1664613977
1884106051
391847287
392859825
463490075
782488691
1005977421
1867109509
2015501491
1041371647
598355567
138861165
941132039
7077985
1917357011
1233291831
1791669495
1424796793
1351919351
1571785325
385942405
1839830979
1398191901
877092473
11375453
1001226037
553037167
698619277
1887386105
1341208209
1728169979
608758377
1245369401
192886953
1471481305
328059543
425821651
1825149991
932554285
1213540653
724673989
524542573
207174967
1612641383
169430787
1916244885
739032193
168286643
942837505
800959115
1979596259
421384801
139864859
519666771
2045673735
353905227
47794187
1483583163
787767483
341464899
624073649
813817221
1814002071
563830327
791752613
1994112839
1211041335
568535583
1341878999
1458884737
126656567
1664994859
1915529093
856405391
1775396057
828910063
340130049
1176023569
647887767
1534788769
970155217
56073405
1724323007
1147323741
959077375
1655580401
748897017
199025553
855672191
1707794485
1852672961
1776960869
542636241
2031147073
1431914739
343873279
1535082729
1274828351
1095467403
1834430295
376052201
505598635
398435231
1182451601
2117769499
462650095
431823173
91557153
624440013
2104093303
532871549
860100363
1448535735
1634558443
598287337
1906061927
1174077249
1790009383
2128064465
1861732533
916488613
1252425891
40711327
296597691
1660296619
1975533527
1615457925
675858027
1486987377
1448762829
1249513481
1438241685
868239237
210500533
47374747
1238260803
1101262887
1544355829
1271650065
174519671
1213663041
2127347737
461746371
193063347
1342085333
1060972277
46277523
14251899
528567223
456628999
1942037273
262357257
744110533
244667921
1615703981
963408537
1570339579
1344945673
1751412227
2095509907
1533926799
1674904205
1229817589
546278799
992676461
2109892177
83572695
480602517
1817430171
592637925
596609841
1647507753
2109494917
1162182533
514814305
2013488683
2102429269
1791423585
569900545
1393776819
294226111
751942733
1608243367
218546695
1426604405
847821955
314549663
734065873
1363269885
131004877
1579561371
1346566873
1370905053
797969017
1741046503
795061829
1768640587
659630903
238855955
1519673495
1052847823
1637061975
1917018041
1185688707
70149281
939994241
1588211523
917414843
905024749
673776197
76632155
898491035
458864525
493533771
63083657
1079460567
83808525
967876735
1781504343
1195423651
817008081
984185861
1311904971
1873764229
1655100249
1146951909
560264965
527908597
294233343
1160371433
1284298207
1953960405
365814039
1730896809
1920606763
185062611
71516787
335544563
61156215
301750271
1531555223
179380633
1674447631
1824791505
1842672083
717017723
1784131919
48101571
1748860917
1275448823
1598455765
1044314433
428184885
741508345
1190342507
1594452421
94613383
453176089
274738573
22955637
1345835003
373456545
475649807
1688213793
626400571
413948059
809375179
2008425743
1510297809
1044277483
961859225
1893046639
1702803013
74140105
2011137699
2004819011
150652813
203311377
879391617
770605955
877458199
1931416091
484190393
778414789
1359357863
1337101215
28545723
1493377247
212238513
1984887839
1690865123
874808923
1383625533
1222825
946568555
2122663331
1905858573
357705589
1502564133
1775958895
1375918039
1191568489
2063357411
387314963
440532887
645220267
1823783691
1086616187
1158489627
894972837
2006291289
1627110415
139582869
537637703
1139485467
1000847741
1731224177
87556851
891445033
1397784475
1679429463
749739035
961595019
62541319
1762147607
492430341
811828123
1399448141
1531520115
1334407269
412949409
1826773011
1716721509
1215753865
687592629
546105201
2107490913
2118087267
541529089
487621787
690298405
157735007
5284951
394188747
622504053
1944675095
1010498395
1276209069
285042201
576612557
482396355
149312015
275470395
66765439
1776858357
991907879
1010803973
926497893
843723061
895090103
1131317593
1763242367
1615760153
960566645
885629531
160113901
1857185603
596234651
1575021097
715160133
1771346513
1939781995
1015214289
1708888357
1008918579
1204666369
1315861539
531024077
561756815
1877884945
1178524853
1086617905
512168051
1588256121
1992786093
1047180655
963865035
2110802925
108180937
1944631451
256763423
1914121517
974920303
1517229365
1221943211
777377653
1063307315
1787695247
2079361651
1125927507
1297015497
387909047
1113156017
390066163
1630662141
1641486615
1330446687
1928151429
603226507
1608397665
732533567
1683502013
488472065
884672637
1054402105
213031869
1700707771
792476061
489295179
933967817
827792151
788247467
897270427
898326927
1439898781
37584117
144095607
1057781693
2137558899
570935609
79471335
1543967191
934933701
566993437
1144297673
1312516601
1577615035
1461856415
1594215025
1798788841
1976662057
1949097945
318088937
1481109697
73403109
1291423605
717524031
1064510221
1534934641
1845344297
1214898039
335205377
2123335219
16414417
103955313
523141399
1735044033
696745845
1178310771
1400914119
921774093
1314876407
348653747
1316032403
576622731
54393665
1581576167
2086603853
1832159197
591177493
2095523843
186527439
1545425815
452228581
662849637
332790001
461128157
1646314731
1175862471
624755965
607136789
1125474603
612108559
853749439
1475162377
497551611
1405303235
1708423599
998461589
1350759303
2135978147
1099082157
1164853599
1936624995
634027495
788846593
1289882791
1558210335
1954154183
1581226333
2142810531
3465199
1212399565
425230491
1313571673
520944175
2079838371
1837770975
1659253397
233139911
1923247025
2038494967
738074539
107856937
1036117983
485615815
251862965
1770490711
444239707
1545572695
1688660767
1120500791
1172953391
2018557767
422577501
235638181
2101752929
48464799
634996883
1157538263
1403045489
230192481
937804821
168428455
272030743
781115849
436805377
1436459287
1423278399
355412559
1079440069
1610560169
320095987
634713211
396795035
1082378849
782471181
1532484085
1375728115
1338149061
1737890285
16647683
1536616817
1733719049
835736795
2060832151
1453799155
1634572001
1810658071
1420824133
1285984379
1967172841
564860813
1044053685
2133999379
925634101
790836833
759312739
1910200519
1567231923
722456153
1582764881
1621050249
1888755641
1564483627
874552075
2017585909
1635785655
54215917
2139297011
2042159781
841373143
1501769789
1358864707
1474325263
1295754623
708228727
680423725
1663532711
1944084011
358214277
787939833
1357608893
2046423543
1915241337
1195309499
852245917
385729691
887990967
1009483921
238302599
2072563821
230645125
1351595563
218879643
586403049
45003021
900259203
477413713
673354647
574270301
2074786075
588385145
803006387
640077203
2123168101
710651293
354136285
1636795639
1111613007
1952116885
1215391157
1888187721
1540116693
522186569
1917460785
1238209853
1953054631
353497375
137964753
343497423
296285259
821753557
1346505643
1179015863
259978911
1957498245
832297955
1501821321
912574489
1479308759
1427672027
696569001
896807353
404665607
587004411
309929625
1114821485
1260331017
2001473381
1892345957
103912479
1101532509
200147529
935247723
836284851
615399395
1489014517
103265563
1588091921
877994201
1223485959
577920611
1777553597
456892133
238644613
1197049621
1179257687
83054409
1957146533
2095006831
2126730969
1519258947
1663527759
578281603
1633637757
1079373793
1068173591
435127363
1981667973
965593795
950647761
1932314089
117288255
2130164705
897073869
1444572567
1778897955
1614284043
457441743
1671954461
114780981
851351533
402004315
1429643369
1709285851
1478501811
2040526501
1279417837
1756771777
197839951
669942567
107163631
42244899
1400255793
1548956391
751608919
619192501
1303458337
863738883
17457021
665852643
2015074431
1193587269
953378721
732192287
282853125
222621047
1371380645
1765514841
840619799
316875991
189891453
947673165
1822518691
1953851287
1355178577
208167293
1983401803
1130571987
1633967823
1873935623
105803919
294396133
193948357
1839652109
1367596745
726014803
462865175
1131633753
1829495469
259792613
832890607
1768298211
1818358795
568520299
1274091279
1261175447
8216279
396542019
968264613
1031624665
1106620289
876634031
1068588417
1190734059
1643649937
85842783
1885703119
1819268521
1451121029
1587005653
318389833
734444983
1512093495
1409707375
1717722727
1121577577
2129116183
1322086909
1870430193
1162802069
675661661
491596793
750857647
1603588511
2077345507
1631085113
513019551
587112239
1882550707
1166779909
1329884113
1036957983
52967641
681690475
1941827473
207866741
649292549
1645350349
1083647859
1685298453
845676767
1021703439
964653421
234691207
334890379
1955126639
1567448525
158993827
1978105885
367242423
1544921595
163028797
1354975463
418755755
1958671019
1742849499
1555576037
1780253603
1479906801
142353747
731646895
1803453393
1461117363
161318265
799821117
320354235
1071156171
1197341821
494085293
232974563
1019622057
1880038969
1635172901
446658359
379295909
522423907
1012495701
1774822029
1107800057
1720494217
1897845221
455978749
1503892593
2010253045
1086261973
42413067
272695331
46684343
2011392187
1646122755
1434634695
553464807
2125328205
1879240281
193848191
276211967
242642415
317190869
1432349695
658508261
145432153
2087791929
1851758513
1988965243
365159489
1302975477
1843918981
1318864835
1402152573
1878188219
163205651
1190016397
1621088101
1377237651
201938781
1949763953
293413237
829714379
428584829
1416851717
250375551
389837433
1417992135
2067580431
1630491325
1842703941
53824075
799188535
144476551
984962737
1165762765
117170841
461546987
916660333
1659062827
1474602051
614390537
599071093
1038609817
1711565101
767037025
2142187111
10254915
1690017419
773931271
795658873
1073785969
244350603
686796231
194807191
1180951943
1183628587
198051939
1945418121
142790775
2144938789
26190453
1290220309
136493051
1680785509
1203970375
163584221
1742147839
859503105
119609711
675472833
1131637931
1557379409
1770968687
872105533
402890857
556217365
2049025857
1143781931
690730157
1893194673
2017803193
1990657697
332868537
330894687
158123791
894323585
877790457
1025453505
1905515483
1658878853
832790979
1124945037
1150766145
1637040431
1458025069
1693778727
196775067
2012122985
706638967
1780453879
1811526933
1268985617
1137110053
306165207
1497418449
1656165071
459622455
1490186623
2126129325
915642965
233179875
1235182157
293626373
146164029
1119731329
1600765783
1666116337
1008474477
1966489399
875424973
1199580081
436547749
2141959163
827928879
758515043
230565899
1885458757
624371063
1466104397
1803156913
1165936413
95923303
2020883343
1850432413
984830157
1331813777
2001611031
711144191
1926952143
1643601885
966711889
320155287
822705561
137486759
273966859
1761783605
1529574237
1369023135
878420627
1656477387
2068836453
722428987
1996109321
2076934229
1556350903
817604237
651645219
1514193049
1293311191
1945127083
1833985559
880994099
542227031
838586281
1733185879
1698796001
474962157
444997245
1611954781
97698443
452672449
361823443
1497372331
924255355
2032272105
645836209
1102591985
320871907
1704685197
197659977
553346081
566776571
772714581
1728454455
2106857379
1121752689
808568631
270541521
1212921655
229711075
1000068333
417541851
655868201
1622930667
1623749937
1238763609
1918947327
1520960849
1281195883
658372265
381591147
1446543463
1101800525
1422720559
443830435
422193997
359919111
1882047811
605376573
1038119827
767838325
1937215535
1581229689
1451160177
1779006219
2046424651
1087458863
737634141
1286828677
802773275
1027011717
191630091
672937449
1768762025
498200201
2055491371
2093494813
1518944515
200290939
2043177843
1822099771
598536849
1719035823
2030016781
115407143
178277741
704326211
1906886161
276086109
1043570495
296146513
1590406129
1197389685
1062774907
2132946033
1308194997
1005999361
349842313
2110857673
1616252307
16396579
1344030595
1808795395
803230691
44699291
1172599681
1460362143
463132193
791122681
1702856409
1227163971
112576739
2095255905
60748645
1601103921
550710847
2107798633
1087503461
83323189
1696427753
2129080435
740655949
1404855589
1244817009
324335051
804207317
139079007
715010737
1690325871
630237265
676135087
305660429
687464847
1448408949
485952809
1097847887
2063494173
1263465361
1553924891
1609292471
750305863
945795771
235066375
1142629741
593187831
1043124493
1124928581
1998165719
1017962827
1989319927
1483376397
1049614959
2104441667
702147783
861967337
1288418359
1473096667
1642626167
937836619
1563936771
1099750889
1097273875
382187889
1962076979
1126121159
464432265
1021805495
1880931611
1221965997
2039259891
1168932875
245916841
2046923139
1833871491
973063507
1686417007
2039219341
882538323
7993463
733058969
928504591
1128155901
830338565
1562837633
293400963
2101510619
1644399307
1074461215
919571555
1778534899
240807195
656038001
462220567
200347629
575923729
1323012221
326823075
761765417
1992283017
1025469339
491074535
1151295983
1088387037
236348913
30780193
1742145575
344227293
1170369835
1011978099
629035707
1404353529
1697784627
240773073
1775601605
1659581013
226269563
318960005
915630525
1383561665
1084916777
223719333
286335027
1941590999
193244397
1733956411
735534063
998061305
1888116613
241435287
1240551827
323223683
1805477543
1767973147
1949173995
968332321
1493170207
1401753921
2074461887
1281944201
1473808701
357572063
478745391
1662823079
819091697
362986809
324653859
1253785079
1493673729
1250069981
1612439615
1438266319
1447442359
1990799063
1189863931
1898967989
180829965
617149275
1152975635
1227652523
1431053569
1689585347
990958361
631833411
1122614773
1629344903
376793921
1685322181
983666663
617040227
2057804011
562454795
1556714261
1477562647
1789639273
145404999
1685174191
1214950337
1808632741
1019694093
929546621
2131328349
675220175
380475295
1719139259
301851391
1646519625
645724749
1349889345
1285919539
2020131291
192573617
1250178115
1526854107
1879131533
2116060845
319043685
301999257
1265822013
1553130175
1823660931
880757947
1611372159
43928337
885687977
345361861
525883351
100142977
1882752383
489853887
88355977
341122705
469827283
263089317
35147605
1201933805
670005311
1139063917
1197437897
604635989
519800093
1177722909
1893174147
697851685
298945023
453514251
395537979
1276211951
1953175863
1989039193
123679533
2006612963
1248617501
1298640707
2134777745
1112218019
1894956361
1328409031
528938037
1218300401
488785579
1663185631
396929149
1931471507
1439814413
421690411
860650915
244633609
108390147
1225787509
1366065657
2072806567
1993412435
1652607213
1920960183
947722375
1206258851
1036861467
1248599135
1832383571
1217287927
2113034721
1175695871
1631893523
1948485677
1520204355
1083705377
938699687
1665675999
1683671145
810771295
1602348761
1407631787
1112913187
1446608639
2021268543
928063731
476812935
943130695
536955333
433620127
823123067
1200494355
614053725
1726586957
602545949
972207055
1354620313
1183953151
1565877869
1496527017
343457009
1863428175
1175983639
1264805793
1449648707
582030905
1279800615
798180097
93729355
76289809
1964782805
1642232679
889843913
1260612161
2120074765
1056048877
1514391289
1967055441
1435833861
1836854019
969436855
1573386627
1128015455
1397302297
550485465
560619209
1646610095
112419689
807095437
373590725
1154946139
1751328697
1016902547
1940877029
1927664449
224940867
1141693725
890352425
181379779
2099161929
117073645
1399212869
1774284377
1374667213
191832127
648340521
1333064275
563826175
313109079
44405979
2060643623
999063891
926887005
596727869
909807803
1358078335
480877399
1050105081
1414092851
438629383
869352807
1668083255
1048947585
1181370201
1284664077
896371615
428826713
1007703445
1002949005
1538397773
730294309
1146999605
995144035
1346041
758163963
230772767
1972819489
2084958297
1496778185
169890971
543543577
1892261927
1313892201
777245127
981878395
869837085
424869663
740475465
20200093
1453268595
886130053
4468131
1242889973
1421367895
926290927
1909895715
1657270499
1363143023
999285237
164364497
1943367507
1904937919
1310915183
467966545
1099399467
1395418331
1239570123
1426333809
619301967
27246443
2076331867
1291146067
1821281789
604783589
141259219
1853825777
466890449
1854690579
1482880091
1032202003
918481279
1641139417
1255597005
1185803601
212301575
683760213
419607303
39989183
1804259715
1196368441
2142913009
211210933
1615421615
2090159519
1639480589
1643608509
4167233
1854090555
821223633
384182883
925110125
1293882167
388277403
2078435879
1618865545
1918980219
134718541
1793555165
1971144631
1414061583
248030375
1899475029
1502853801
479483593
985988111
1792127943
1910814163
1931925177
1614535437
706577509
350629329
1119104301
1228282069
537751591
1185755239
1927748103
1525021031
253524427
66906537
990580719
901656239
1986602673
1910093229
1926700829
1922155147
287014669
2135073015
520631825
1749037131
1395388777
784128257
1313490537
2068371773
1487146109
1790119329
1672958243
658343275
171156951
1499751467
1859995427
2070526419
1584131099
725421437
1288349947
998963003
1754015527
31171273
1157295339
2040209335
74162897
1782887839
1407495399
349390877
1070884847
582668953
47299135
184079005
1551458021
619789467
1089300815
880231385
2024767101
1697113017
981694619
2118974793
310121373
1831593449
1458908529
1437757971
846921937
408674415
1506243199
333736555
1291514553
1456566159
951032381
302205775
598365603
1467613713
220507245
45815905
1545091909
361442155
1189013041
2122422237
539991211
1639892765
900472125
184499593
447633071
7460801
762675941
365828729
600246957
2099104839
1023940931
1631603813
235808981
897792455
98629263
207270989
1967772973
331889051
838595111
1940180403
931085245
65504281
549721193
384976307
770322341
1104073157
459309481
1263005301
38530847
46669043
1253665781
1931573545
1067217763
1665654819
1031507121
323224713
1906108697
1474955867
437161273
268388159
1036115691
1160563345
4647041
183247719
373764225
1617279647
666129439
1670951043
1324685509
1150447397
1988181011
1207093021
583446803
992290367
213960277
1699244303
1180591809
1655778949
40737063
317551545
200438437
1164612609
772737323
783348861
782420677
578688711
725312287
1867221891
1490729467
2068515979
418604981
2099476567
1493522377
433906619
271580951
914564871
1654375627
2146086789
1555135285
893186719
39766125
1276558541
1303868133
1138848459
1067345051
1775975901
1548227193
59813649
2099983065
865424551
1191252833
893942313
600177405
809342145
1937455487
1611812101
1886509241
1755750675
1984020567
1835727393
497513151
1090545197
995624237
1438892557
1136835491
453260829
1605038457
1158411379
1682264381
487739119
1380034875
608509171
1615178677
1888324243
1567245129
412042169
1074646377
262244609
674618303
128918023
663853671
306230709
57049099
1868897123
1537901523
1169834203
717693617
1141647773
1267583225
885618757
1980040913
2127613921
1293036231
366098701
702001217
1658009987
828204579
229976027
382073855
1122330417
1567986175
224418067
1965233357
1758718719
408060103
903036323
697175739
665081563
1489816125
842341839
1171007309
2055460111
887101243
1505457155
63524999
1010461033
691660919
1846319519
220729011
285084893
2089211869
2020126527
484725121
329228365
1658971611
1735747025
1232084403
1267769717
1632051615
1339689827
870274473
1571644309
1400441335
552872739
1882778317
738057383
1054002917
1319943637
2052669185
1971187125
485009863
223355003
1505694725
562309357
331216267
840656089
1096791661
1929809693
2119493667
1036569907
357386091
242116017
1811666853
1222893477
91458621
1950263855
805765199
871045361
1631818671
587846083
40299991
39465951
951609737
783872253
1559300085
339267895
553849551
1752176779
1833162831
1804399413
487827095
464019937
773100227
883040049
1308574759
630812263
1993582727
1884139301
1785182535
686834479
1192807021
246950711
1805688319
1584609885
653146275
814504411
1758409803
443532121
19067427
919428455
537192103
1234531685
1924276401
226043959
1869640981
263286863
1634413801
1358553367
457794353
1309570125
1726566741
782403195
72343685
1149546517
733003895
818610687
2134464455
1106084933
2143638775
611410071
1998151031
1375114243
1837059903
914005169
900521287
1174220189
1851478167
946135407
1891599965
1910498401
401334119
1200404417
1873490689
900240667
16716511
1325502451
1180118039
970045285
222124983
1056299373
877571327
1508709045
1750291259
706070771
1161362777
854881911
1434006455
882744577
1724875519
147577519
1453246191
1285949737
1267977585
352604995
221465989
841606333
320465403
2102847625
449320347
280167051
697889729
20891925
18431993
2115201267
1896826829
1053051085
591965383
878755067
2016868029
1816502141
750946553
896946673
1613472157
94736823
1866829901
700458703
176348467
1403689383
1192041631
2037586775
163767247
526369003
1577642549
515997869
1569556529
235100205
61007395
1680900229
986850107
1531678825
2046561935
9550805
608377149
1935826131
1752106145
1899325689
1742626009
1100521205
768175367
271101547
639336287
1574365073
625611575
446664569
434598849
100431699
1676342099
1982557531
416565523
844607279
34731545
2129368985
1816709263
740661707
1512766475
1679118841
794890403
1545971651
1595829143
836169307
1188350407
921655203
751179537
1230449489
571023373
1368019569
897954637
1893876501
1707491237
1380226575
1225218871
1067491125
1091620571
1992852741
2126935917
1025464591
1923528057
2143580767
59490377
1624056777
104281159
1386902741
628796563
168224099
1550842325
1548531201
1733862429
1350836873
2082794721
1510419451
1878368561
1844270931
2139342373
280371895
1887629993
4102471
2001168311
225498115
729920133
738054171
143129471
782281435
836797913
957060503
1951783899
559750729
706701521
1794454895
1422732017
208688717
968424051
128994239
314997611
1261290291
1975020081
959219295
661312699
551756457
1590767241
1117156793
1827173239
1896866627
1924504641
776911599
870210047
748733867
1560509429
1576185843
394217433
811335595
780598843
523128849
1041811507
1583394991
793539775
1833298541
2056683485
1150976775
175677597
236467149
1746277001
681631095
1629194963
625890993
594688545
1159129433
1302613791
1785457287
317240289
205523101
1877092029
821050645
1805283203
331795465
1915662133
1577466177
1230908395
524195949
155412453
990186341
1497812363
2035796707
1226211451
434070433
1152092817
304422577
1074486969
1652207673
466231371
804859415
1212115735
1328634293
1049692069
2087328205
2047275435
820476519
56106613
1004536097
1573464351
590995923
1859614773
633170859
252014251
1966066921
485000521
815424297
1496675785
1919405401
253101657
43449503
809001661
1916965173
862651073
1991284331
1245580385
798749275
1147873115
1772240579
2066231221
1072089313
796894791
1513594641
1651860443
1121012153
1670466033
385656637
352936817
1890549123
1016752251
99553965
456153635
1789962295
408967099
1999395323
2123811119
2139940091
970333999
1026275153
1862439659
787452265
1802082401
1922489749
872139007
1946456629
265456691
928132951
1628053447
1060575539
747480881
1997507495
614716577
42257239
269875281
1429161699
2123890219
594558805
514766835
1278298029
2105007823
1565319531
797186185
1940653587
1303800381
412564481
1669193947
1375332557
2112180407
2079820537
1456973575
305549907
743619161
1390897527
206324681
1939451929
1487225931
208088887
2043168061
1779986585
1819454337
733045093
1054472867
564648849
2056341033
1744162627
1786410585
504276701
709923265
459882319
322169769
157425633
342632137
1336164909
1059236981
144461519
772793147
1574340333
1529164535
1832967513
503112485
1988367635
2139953037
1808334363
1338073881
760119131
1792490895
839411583
780001325
755496397
733131543
1151573057
1480897037
731549101
1824511121
574541837
77637649
700438573
1737197329
1384338401
1313487071
971286291
678219941
790622019
986910975
166728933
349610591
767164771
1588635171
2077171697
1153765689
983406519
1245227043
23228979
453132317
233382289
211349347
1914484209
1263751019
638988019
2059344989
1729937471
1701202333
137116213
556499353
164590165
1163241735
342418157
967721109
132545389
1411163251
755764825
73521921
584854089
228167689
1838218261
51061347
965603967
1077980209
299757743
644494325
585691623
776772793
599781577
517324319
787911855
159050399
458712549
2081734367
2126524389
336488987
564016943
242835027
1383170879
1828151707
1630717073
437598567
1359299261
237022603
54442091
165985483
1054541095
787609115
804027199
316227453
889816459
168379813
602888885
1041938035
660752489
832736461
2018708079
540041671
124589381
353812365
2052129765
1972713167
291687031
1590390155
486860271
748772025
625611623
1898690553
820812135
110503941
345295877
1551337065
632990015
526377789
756987367
475587385
1678773017
571224439
569441069
1228063233
648616963
864322207
507204295
84060109
1127449525
157742591
1864691377
15975073
155130953
1447196293
1912646091
362372825
442098525
1146489147
179037567
1511976757
2059255985
1485958031
1136938133
959489065
2052461219
705267235
928791563
57525801
1482460087
1627114027
79309477
903548089
1780866333
1726729469
1066023149
1720714441
1373973517
1052473151
1877055883
1809003195
995514013
862145355
1510707745
2022166063
311004181
482606603
8407937
562224937
379107791
1989991301
1018621219
1034898777
324072881
938199527
1232270977
341606259
879125377
1286315199
1206997667
32507209
1752214109
1005077135
683011935
697283165
1282436575
13714085
1572544203
1004917513
914458673
2076609205
67443755
1487361381
1963997563
1654452555
2132712201
122193371
1397401663
514618297
608615497
535281775
1216196183
641588017
1230789215
947311121
8842327
29007035
1402915999
1226915499
1792641677
1745029449
363150519
1293781409
1668869231
291879925
1411258921
2072159001
366365749
1419466221
1363178199
191262193
1370926617
788304199
104831777
748770805
855766465
1221589901
1783424829
1147841925
747317007
1216567985
1593204339
213791687
1389472937
406585719
583279847
58750067
1326434635
197473225
109500371
1989552133
1987507037
73994515
2049470943
372781609
698785895
2054999477
1593160869
659681301
852951155
1558542737
1870291993
1406902119
178084285
2131517313
926052105
574710439
2118160545
1451729183
864240295
1166002833
1303365939
711326891
528292287
1317184433
1429851249
1083176663
1712400695
1307393839
183728603
717260317
1895294775
899822763
1901264501
1246028099
1849725397
875049729
696431483
1012389081
1418985833
609406561
1385990545
1728607019
1409975023
717196985
2077359241
664070105
372693025
1312493731
501526995
280322873
528682283
1222742471
1717199841
984465773
1325226911
1601411189
1196753567
1882388669
1854190265
892480425
1089231651
245786997
334432967
1824505969
58755651
551165631
294800155
513800341
626998061
1141162169
1829304915
641797049
1252548319
1609136971
774576221
913827239
1216854071
575360511
1452633965
21103463
1063617857
1471503375
256639037
703975301
824068347
1851749619
1398980205
1838907725
2097622225
125688495
1188828001
1946052993
1664277783
1721328813
685020129
1558679893
139123141
1678699565
562919091
916564017
1550559511
1526793183
658090363
1300919723
71957767
428271099
377784477
2121840917
2144393621
1749978899
1829472537
1544201611
1416962201
2044075209
540765967
1615731041
571156369
1381746841
2019240041
1255890707
761282785
1517092963
99326715
1450487537
1952172271
1935123985
561963387
729795089
92498757
284567447
789149569
394408321
1469424357
1729416305
921478517
2044011261
1902584777
2139857113
468494829
589262957
1356896353
2077954991
141634513
1838121659
76399527
647236241
1728563021
1737658049
43501907
1311632797
1007351627
515598313
347578757
1306622355
314563971
1530521011
598162239
1663437787
1073977211
1078136795
985328003
2015669161
1814422499
411041061
1041723439
1870318265
1150362835
280597093
1139058373
250920325
1031921595
809297405
887348501
118391567
1532987211
706220981
1827352225
1466830025
423138435
617196971
763977993
1643314635
1070730841
1893890897
792366759
64893279
265706249
636443383
695376827
1301580585
585770473
752187853
428939139
768692843
1933815265
441394483
1670225777
1772709521
1545238479
848842443
920821557
579589619
1187828291
392272019
219905687
290106739
1228711159
1127452397
537821475
867951583
226881215
719857849
737175515
1300506969
585064613
1634215403
1217267763
53014609
1362847471
1614667141
428943313
1093407135
2060646201
1991253001
1523585183
1966632083
1096036831
1507775831
1218960603
873914463
1155044231
1441570161
906527951
1248864037
390811819
1604868623
1166486847
566161643
96480639
363208525
1185955035
979451795
640083353
461456509
516271573
1670750381
974952571
450702273
1372297359
1638697615
99838237
1270140437
950939367
2138056681
1797783657
133489425
398004477
637872003
1669231103
324601369
1660267831
1140514755
1674166753
1362946661
1961235423
1485565379
808034485
1353649369
1706882981
517300279
270841987
134103221
1290793929
1047595225
336326673
1428481869
1585533249
2018272131
292030813
108937345
1117645441
823808451
1484370477
1856344705
595134859
692769327
935243945
168512843
715964757
1031350367
1315796861
446227543
2044618249
1116434013
986557101
1038602879
946001597
255197951
1481902533
1199335523
1045856149
132989427
2140079539
2100858019
2137608327
212781893
1088656509
1810343159
1037312169
1581094711
830879445
29642527
444974997
1605805679
1695161285
1810537299
1837113265
555951089
1760323973
587377239
1895673597
230200623
768554663
672803709
484213395
37014713
473226859
1255001227
468268123
904091331
174063623
1135887209
231392819
623013645
22496303
39063221
1715341541
648369373
342437753
1635576373
918713937
1566178603
534703239
1230116143
431065413
1998931263
907610653
1143472057
268531093
808554577
1159542883
2094097019
550793535
455078991
696206489
932232681
1234644253
1300408391
1710346625
1508368529
646854283
622284473
1083649049
1435241639
1317690643
340175887
541666459
1110227929
1597087809
40477299
838717659
1679570521
189736631
1773461213
1207017413
1688353619
951545009
1452825155
831934333
415671229
1925361881
190776043
2093623995
1460689663
992933757
1940645419
363763099
133483927
1770117683
841439839
1584344423
1151793171
643110311
109985323
644617275
375365271
1682675705
2904267
85967365
2020785235
3528321
192437265
2132611135
1405087301
2077832845
715442203
1762565347
1604509043
524958601
855629861
1163469131
1010786817
526205929
1571095569
191835321
802644997
1200148295
997484129
2088292845
1437251759
1712032159
1146575485
1196103415
1122193867
161670797
1169607357
1290526777
1096564447
1020103919
60098831
514909171
1199372541
1033281313
881890881
1846651515
1514383729
1653897779
149484005
62538399
869390261
860338013
1297002731
926339195
1060665805
330947671
141919229
108368375
2106938627
1553583329
2000289675
448188965
1561900255
1187717929
595815467
360416727
364227407
469705947
1378401137
1191700623
2108908077
141176781
432763355
1956189651
1401616947
1155684473
2121928345
366778663
853959135
1342455689
523997613
400841327
1050333107
1962779199
738495337
1121579539
1348333855
1032526979
200013121
32993451
1464371525
26961449
87540799
1967469777
531444501
416403093
1765028285
217223245
418559545
822733563
1149058445
887985833
1801448039
1793284539
1361008339
1273069981
974988859
1515632307
1735800735
443254047
789335003
885447579
331807957
776336695
331717619
294548347
1969955665
2004845037
1083756957
1889557319
508517071
2084744475
1290670879
558216561
579548901
131059871
1442725101
708748739
1438516233
904935673
266059443
1633857907
354134499
1601524467
1961701023
1553076303
1500960147
1083102277
1090356607
1673200671
158549203
1569127591
1942738631
1617543829
116468651
1050018549
820400671
1240825403
1523638451
2016858403
1638250071
379987143
742665069
894230665
645169001
854908455
1998021037
1981102711
1588716669
1701832379
1801641859
680734221
1667204345
1018163779
1702380221
1286067677
1772304489
1099824719
1722623717
936745337
1581207849
1467055691
1946473995
1275730981
1367536679
1586290383
137714573
814589577
862166941
1847675005
1483981223
463414553
208156725
2005837833
2101277683
1978931313
261134061
1270957353
837726733
446253809
1300523909
1803933527
33427081
350684007
2102134761
776230687
266583499
540540917
1513355095
858750309
2045040933
1924301647
1875650929
137691815
1419763419
514499277
1617530223
1678168545
983839049
2011184419
1042329743
1725316959
109808165
1031778849
1393129425
243364167
583913617
590604675
1682759173
1539583263
706354903
932509083
1681955613
1519700743
1332092319
835147417
1160602537
2126171455
1248034243
1255829277
1243495915
1529961009
1313417803
1471606925
503867201
1816460031
1029182659
1215139331
1141152517
2001032473
232216057
230429949
1200368229
295744349
445868065
864327605
1331935289
1402541889
412350987
1472462803
1228572463
458278029
690224325
906550765
1394672059
596446041
240690449
1711393179
1611382225
1355664665
1922418705
1605744609
503675883
1362790495
551555189
1825641935
2037170323
383434963
2059390153
990870837
1562106051
648743377
471880955
2140719581
1349199849
607368719
1496277553
995599461
691220711
1823076845
1108020711
335700473
219764981
693400947
467513273
388498177
1478689617
147503809
745691877
1129755011
123890757
1075597315
1251161425
443928397
323699255
285377063
2044461501
175118795
1430936505
461948617
1451221693
2133979249
1730276393
1313066867
1881022783
1351881507
1237762089
1956780445
517717289
1279078377
1306741315
1258410017
838121731
305815299
1887603551
1565828743
1121302295
371876527
2109359291
1794537587
1936124763
1486364503
509599979
698365649
1867925819
277335827
1462977405
154510373
604044675
47085245
1407311151
930248611
8980057
1363578285
1175780165
506213719
1050140399
401821727
1661063901
20777141
1926632159
1460660987
547914765
455846161
1794226217
203767947
1664128399
2082456243
1966762509
207064529
380780105
308080913
880920785
61617077
1859974323
1656765257
979170631
69591707
185367393
1508374145
701168149
219577671
1796841931
911686323
205466407
1114570741
1705409269
656941373
885611603
1020839119
798271857
1146205147
1725559593
2006600145
727124189
1866795541
9235425
1807039735
1273834257
740918495
2084618479
886970175
800853241
390794117
384963581
1146076731
2053377029
1082417451
129192433
876865605
794141593
1018804539
844351919
18810799
1197011643
1628047283
1710691399
219264151
443958123
1618290505
1362095713
1024366171
353817331
1880285651
1901695841
561903545
1642109573
2063193049
932271989
587775211
1534710505
1315249153
161773335
796010863
4676793
1298347003
620107027
513834213
1286513711
930151943
1347183011
606338973
1390167407
411792077
1863163549
1649564793
132750879
186495863
44109769
1125020633
135388633
249681899
1318904927
1058987473
478948221
1000892679
769821031
439390269
951048839
1106515013
220764513
186066001
1111835659
1585971305
1567876941
871242521
1407845047
48615389
1909153497
779882155
2129478149
1489415609
1395394255
711403465
916102801
773668757
1512811741
1028949211
254900265
477187695
1238913087
1723877159
1016959701
871721099
1066330211
1096432279
705100837
1594714961
378081943
1006115105
1243706299
1005148481
112135845
968778209
1809007237
685378521
1860996299
29202771
128889737
495946135
2035364993
1976620047
1083928065
1999358565
1242435637
62147683
128715839
1648519199
1828851139
102714893
987869587
339603147
48080653
572433827
1037179171
939808605
2125587067
1976396513
2143756681
144541903
1074051801
1507168009
1273965899
1966347127
2117714841
1121293481
2060028815
1700611263
557068187
693019559
1654074373
1785346337
2131517391
1871472283
92854375
1069095053
578337223
1064772903
752480303
1741469641
1136289889
1084644957
1981269639
483674821
1722729467
422706957
2041461067
709611867
460044801
44889095
1563390531
1002362257
1332273261
1019236951
1581583729
560587129
998400411
839274465
1098616907
175365927
1979478649
1317628107
2013351777
248747027
1450143673
785992285
1200442135
892125693
1967844437
156655377
1068989533
967998721
1539159265
1466045847
399042343
1326340799
260509835
2111458495
434526267
582075117
45185787
402321815
790136947
1739861145
1134149905
825904509
1664528981
1152031787
343344591
750128201
1062740741
205020253
403667187
401353029
90497325
551680563
264562993
1324881155
1372036777
557178751
1468116541
1573107873
2033087009
58868423
2038539449
1304280587
2105055231
931516259
52151103
1818001029
2134122941
2107223109
1777451671
1433792475
1446156147
1780146843
301792785
889351691
780797139
649892311
521280139
694460331
1426724255
982657883
571009941
1446366991
1798575205
923320217
1367835091
733579887
867194371
1773053171
2078193511
899034725
1868572783
1999186657
1300323641
2052268333
1943340089
1425453927
1326029155
319145411
170279179
1732821617
530237723
445863705
322327723
1009445867
104820963
122894711
1487881937
345383331
1513565373
1758792083
582117825
588797419
1627780103
1347916591
756409109
1002679825
272944281
866221053
1122599619
557684179
882341495
1863239093
1086883713
239364181
71736971
101490717
581503027
348973765
37679691
515466071
154532093
196005077
1549280175
711699801
1965079753
981619559
187560133
1375127231
448707543
1016271851
559768087
1191233399
1008877955
733707411
1149364337
968220489
377566211
930791605
1147695201
1825903465
851721875
251541303
1347918159
409604755
1667480385
1326056583
1535403327
14933951
527466687
335397177
2095176113
1341082841
1442564201
70546675
1170977363
1966967953
1410279337
1155798171
349522177
1406659097
529059141
356533343
944047551
1551190351
1266638903
846123121
1949512357
694484115
1944796007
928170389
1258866899
1525288677
1716333517
122508605
1246850435
947993257
371366165
754545683
1479128283
148668693
1945137853
79030475
594154135
2140172249
207391181
458316245
34980207
2020667091
1392195771
186292339
1138836145
868371835
1538270735
1187556617
2105378813
1376655045
1896994151
1204561785
361123625
632291285
553062823
286217891
1760024601
1138906159
271337249
955737867
2013912377
2070768517
1064475505
1641973353
1534850543
882883593
963787945
665121961
918701789
2100819459
1181233469
1029536823
856676115
1191597883
1308794225
643556443
2051787777
1929353441
1251513543
31355387
427808643
1315012123
1435000567
279013527
193210723
1836299913
1919240641
744584851
424867735
1675886585
1841174153
832321301
110208617
1342804101
88238809
1342184281
515017929
307413513
1351002251
2069779205
173045527
1198591813
1378113005
596672501
151789183
434530629
702341455
428926957
895304145
161750735
1164854821
425817729
1910300633
304404903
691597143
1641994925
115549771
732241295
68396527
1011343689
393699857
229977081
1314141003
2081494835
1370354307
1612362925
690717529
44866793
862976253
1764462911
792585137
1629439645
188231487
1075778719
957624385
1295737887
141410093
606778011
802540953
662589409
728986227
662462429
338051635
1152934481
244584941
613602827
1523100497
1000149681
1611205419
1443659977
280170589
410397973
751053543
1015505621
1167623701
1441639833
114126587
52213475
1269281065
791100359
1778301301
1312241065
343172611
2074570757
2134970833
1392221293
1607851161
464189349
1969002967
2009847695
1093496243
374769223
980408053
1175451137
1125763571
675698859
1441885429
885426127
1532503461
196020869
836775963
367088855
1845933551
2037583837
1092512527
1965168157
792659243
1059797319
349787473
576079849
1159819043
926402649
2140124051
1120881247
1167777337
78941963
2081093353
207119833
1704952507
1551050941
340825647
1361296271
1045427303
599193981
1949098263
1646545721
878559197
1187351741
1298679207
1308265089
1410985349
1086444187
328549437
2080060413
715001153
704737995
1736259879
378672803
2013318971
1043046187
841905875
2066990425
1402044731
1281416975
698924353
463141899
1995831591
6980931
1307966167
1865664773
891035969
877090917
2000727105
949145005
1572572551
537194211
150822719
1624967989
1965964503
1863194103
315938973
886649521
798159055
764419601
489027715
677578841
2101308453
2109301865
1157495839
2136227513
849814347
689692239
1212131473
1308594725
1542189665
302195773
97136871
1852931515
34945801
1277724147
1029088111
585460805
2127149709
1507805467
210966983
306901847
802702285
459683935
2052969497
39370151
83484295
1990055143
1679328283
69454957
1425172549
566597351
1797829551
379192007
269760245
1691648411
1262014645
1443583329
400226607
1314947321
508082245
1481962413
1002937071
1342261405
1467711121
811923923
1028952887
36233035
1699596611
1305073773
1556312185
1863833645
2004326227
875124405
454160231
2113081259
1315993783
1301112969
1649685879
751060621
1931036477
2059762497
1600880949
233697231
2014884039
1927960483
1534097333
237126571
1475334169
1190547147
330511839
195271015
963921845
1148059465
1083564261
400402963
1609450891
846553313
150059183
313303561
900194545
1590333127
1140074433
1079602587
592559009
83596599
1840789437
1954160271
72886605
230739467
417338545
1362102387
1127481909
2060652941
609843255
953660423
1706783815
833373267
599262923
375867901
2137582881
1682095603
1394481579
1824507911
863946471
7891519
2004430275
1002900889
515509719
1620855647
970043381
783398841
841730679
464977733
78622055
591191055
2010730933
229402717
816521823
602505599
76765515
526323557
266261657
1875086783
1031224529
2140910397
839400965
810766061
1781173991
318759047
2013391855
1311681591
1212849689
112533969
1582000763
1416461515
1724823811
2036337253
1212359535
914577511
2109004821
1991062907
280710407
1929127233
1048127681
65811813
344584681
1895691873
1296569525
1862952405
2064329089
823321845
1760321551
55817055
263454811
1482271505
91295853
1854897061
984828665
1045843997
839928827
1820931945
411353387
581809407
439635163
1122822355
1925186197
1860186989
1517821363
821469743
240708459
730240741
671706359
1837291843
1167492631
814974091
1551332715
1704941939
1979618201
1998001479
659671389
1818064365
207154823
1923431443
475996633
1203058685
1045330309
2087375305
625968053
1210632607
1080123169
1701097581
452560721
1453695567
261597821
73790103
1680317997
270820819
1933342055
466729285
741712959
445059847
1080161781
1023145497
932365737
2060571213
501803251
1439343003
290853635
1089562825
665248189
83614337
1251059241
2077601787
640412627
1342450173
2064807409
1330404243
2016755003
34358925
1286630923
212785739
1961911067
1175117397
1767023559
1931495877
1408916955
1202835257
1652953635
1581966831
938674921
2028689297
738959051
2126647251
124787325
394723171
552371941
788074919
178646433
1757710919
113798443
1013454607
1541576973
2143345251
804334753
1170979461
1629201437
387744193
737398415
1222333623
7142421
280173825
842997669
1935702519
854941599
833522259
1584818319
2099139875
160103067
1853821567
1722368655
1833485163
333960831
52662437
389687879
820210471
726187611
1880142801
2012031869
1958093075
1262037785
1349962531
716701777
440979711
1390529843
2031611479
101506083
1766206439
1726195311
834550525
282453757
2026260205
1094555453
1947402043
1564925919
405757943
1810725995
1665337373
990215171
1887918929
1235583451
934872561
1343104111
787039507
1083983931
1202150449
101051605
184341917
1647516141
470432633
744797781
2079947945
177763631
29779087
2000663565
1027830229
369000943
866023423
1796282893
1638719117
1563925879
1030499017
859220433
489500899
660587883
398001411
1144104921
1621296281
1326279919
1821760003
34006565
1036667011
2135179421
1646423697
950225585
484973737
279512289
386547197
1998497475
966441351
1892959359
469511831
593632941
1239821991
905016735
1464565829
1883608267
1180931641
892254197
1649176905
910038699
767116069
453816283
1630565159
52928953
820278071
2062120137
2138543559
71245891
2046444445
2110192247
1932287837
355379903
171275461
437609581
1098636089
220445235
1684490529
1916021441
1938731139
1542319871
1843851827
240810683
457212613
255962853
1551935389
520623759
1633391059
31895117
1523781567
1755585237
756092493
1475493961
2088522569
1714971513
1945360311
97808089
1158474725
336315317
1830517123
1646080693
839890891
773599141
900103011
1682574817
943703341
1187180799
693100343
1669115527
1434653577
742489589
1190893075
857588577
2072921675
1957675603
405970277
1896854353
427436295
990044161
1335340867
687729919
190181531
833742931
951686751
23823305
374251143
105534457
702734955
747481839
173980047
687694905
1077695375
685675287
374567363
1943307807
710085037
71680883
941682709
420284655
2548221
1329900275
1985306689
1748854935
1563657045
1909136915
345947551
2135385961
2088814139
1995722201
1935831021
1704231831
620886805
1518478293
297867077
