1198247926
369309426
1696527788
827419072
211154280
1436392140
1762528138
1802032572
455993068
269276366
1130664728
1656215786
1795772076
1676475932
2037676666
1891390372
1437495264
2025748546
1665262238
1961942720
1732737216
731943018
836163772
1650624820
1299552804
1603918952
884796090
1824938384
1365286784
859434378
264411342
1349226302
1430216438
874901892
761701634
4197152
1096672274
1168279454
94260752
495158550
476136018
929357756
1314646788
1279626414
2025694474
1872624288
1430650084
42849026
254008774
1615602024
767878850
1786263040
767691344
615194534
1517272674
306679932
1852141906
359499110
912233692
835599938
1352282184
1443213238
1425254638
691628128
1143956850
1195466932
728463006
230620792
1397011184
967133238
473672376
2108951346
1408146038
1583101352
1010400842
1268713060
1117199514
1740949118
489358478
256212354
1219669798
107975296
60830946
1916735768
2042956318
518201506
452132204
373501914
618341338
221460730
1190182480
826948972
1959557136
1181632474
2058148044
1245989048
1088369410
752770796
1936128196
287801536
1932932414
359654784
1279976684
1425094446
1528616230
242290062
738447204
263991524
1222523600
1445888160
1850572026
1962376206
34932060
465827732
1173786804
1373120868
683301796
1898591820
1107050436
1007223164
835211262
1306290930
819434518
2009466874
92511242
384645980
1195555380
1915807266
542150952
1194517758
188965762
1175219164
464822350
1856754054
236968120
403226346
295191582
1719596192
1907407924
295022520
1843798656
1823653360
1302603202
351774138
863456924
117039286
541818468
472127144
1943882164
429015064
1065545162
1546347842
383039902
743805896
1329217814
827388930
794856290
83214220
619542480
828686986
1911532218
2036158508
1079543792
534067910
376642324
817645088
356677634
436194616
1526202610
1924488010
77263880
389506084
388309758
1697216968
1029170218
361426400
1532431776
1636205984
730387722
1038832626
1375853804
2033359442
954001012
1819981200
296472900
1708662458
1926737516
316728620
1664467266
123676292
1941465760
1814319076
1922864108
1094520752
1796337872
1042947028
429094306
1518466010
1577293960
1177843628
741830620
1226248248
352803840
2058189196
356748420
1926796256
726026496
1145481022
1344404722
1983013546
68443130
2097375658
2138533088
953956810
2124159280
1831577908
600450126
248861774
1371496404
259063612
689966866
1283489240
67804942
1192870650
1730768946
665836732
1020674174
128000840
1695436114
1612359262
47761660
590110314
1654699950
1357863904
1987173692
245365354
539595746
236793700
1617521360
1608786066
2006525446
1386635762
218460486
1888337238
1734634304
719315262
288373940
1973992300
1208826842
739761560
423618486
1487704316
704692998
1842725992
435559356
1155898848
1919294146
353763354
399993740
331851724
120775252
1197074664
866061620
377744682
1007982394
1766966340
633742094
1075034612
1957804294
1322861980
1329529842
236074052
1562072926
523570338
1879646340
329254558
811691430
1526638606
584860858
1110601154
2114486856
736549172
1826242622
769812078
1113916116
1349549968
46965666
2102626052
1606929788
330232544
159264026
806630142
934831014
1645638476
1633683558
999918570
1497464280
1004908176
1829056378
1578965472
1222841612
11092390
34040444
2140240914
993053236
941188940
712799396
1150616966
1074016218
710691846
1306177626
248109608
856882536
831712108
909324356
1809942284
219253712
1418474886
1516288856
2108431162
660346132
772659404
1475804462
246176618
2056150572
151369710
1623701382
1596936572
1086466748
524644710
1462897682
1841655040
1567226016
273271434
1778596038
1321336368
204124174
195314558
952107046
549743182
1176135488
603231380
1746396436
715325636
1708280444
885755112
782239720
2051229096
990991218
1848567782
731524594
1988338778
1353047942
1391452528
1888942918
113847322
1446536500
1488638158
441909922
1892385908
767781808
660725176
1380997024
302416968
73296528
1223066954
1821647154
346100378
187581042
1389009832
1916445362
1273973676
1863153996
956016146
361925576
769462016
517438232
1191067298
443294400
1386756968
1097938888
1214522414
315913668
736883076
2011022860
234059720
2002144180
2114742910
1972668830
832574668
1607577044
734699938
253470172
398920084
835488154
827397110
1801966584
1490739048
1357197004
854050386
614622934
739532610
759019924
1672021698
443020208
2112505338
1352796196
200299200
1503504202
505260678
1899079070
1260367682
12313528
2045608276
846831726
621645188
944143934
572547886
1255787604
354586066
795605502
51764126
1531802310
63705222
451695384
144474796
2131774326
461603190
980810650
1577533924
1795756212
867567858
1274933082
231375372
614893626
211580678
1300053570
2092224220
496078570
1578243334
1621040656
325741148
1280546500
1714895894
1996448942
1989154030
618338600
1332290514
1939613496
824271336
1286981424
1033888598
1012262162
915919720
533256676
813984700
265852074
1277961664
542913292
1182096476
1781477286
1943111972
1668203012
1235725796
1216017436
1487619474
1428198974
922105196
516945182
1205885552
860711156
1221198600
862436454
1452472214
1830280548
1781819652
1243267354
532238484
1619061130
551174510
1041243256
926922924
1394472844
350996450
1656048958
131444082
1491002808
81025752
279091540
2096002844
1338162174
196239244
846391622
1238054064
1549191650
1003962588
1502981710
2093178958
1464713246
674976446
1036114804
1359933746
1027188474
417137494
1987103230
1437062616
1177743880
1085535602
1746026142
436892114
290752858
1898566802
391798
2102452778
1808467896
913284622
2006141656
165201642
268243616
2045531080
1305116880
1203524778
754229160
222300902
325388210
1614920432
1412205564
439228796
1108796984
1046128754
2001083028
1743200218
1389696916
1311110836
656655820
1438860628
584932368
1502644290
1193305042
60353236
850505666
1974674160
1036359844
326393382
1048251524
909791638
1337213306
669047330
1455062494
1929256212
1962896480
52729148
790941332
1231731820
112885778
1831384576
1929758338
1288404750
109036674
231513324
928438692
819054648
1249475608
711346648
1769766350
1827218372
1230784930
401284054
1588968554
1451046962
1073383104
750204156
1112193862
286394926
1122219592
547463808
622330538
1062574318
1336286158
121347900
1819203314
442601232
584815316
2067691970
1515340938
167788620
1347971812
1405130742
1498385768
1100007340
1596485642
8727970
431222544
2130044798
510020464
352240918
1255856604
2063032314
2033634452
1747439250
930316026
115108656
1233584292
167753068
1977357906
1009474776
1700743950
344410564
1828237658
1243139942
432657700
1148376098
832332156
1184153758
255298112
679388618
1804651224
1250701486
1418697358
546768408
637886140
1958410366
393386890
1074800034
1088382734
1065999972
1846450994
1828320732
1634931018
40390396
1256651448
1415300922
2139039268
1074792898
24450036
1086786394
1041230108
875141966
1349922780
749857232
1039785066
1396442258
1872639424
1807165914
1431765318
365720870
1871194352
84799522
1434749634
217572498
1428097124
368474488
337166976
88151048
1103760144
1495583210
875387222
472099530
1270446126
1510627156
1138092378
506613136
1119647836
1375728914
564518582
1233515712
1769918790
657148958
1236309428
295301580
716329104
578834546
221428532
1596717080
572311948
1691430576
1029000204
412718608
211779646
923383208
1227628882
1601649232
1372924072
1431106350
1597401362
668910666
289619060
2135313972
495323244
678174246
407176828
1856102494
2118021218
1019488048
80883692
594088026
5814334
1841938584
729208434
774053496
456692894
1236936920
1010350286
602783620
594881348
180615666
1890992176
2024161922
949912762
460038384
1805810870
446875116
357349024
1651868452
1573918846
1391780258
11912512
461282490
1617098864
1345753188
246470484
269997334
219250740
1333452660
1740730180
682736986
222678418
1832380800
1073328038
596934052
108161192
579429852
1615787780
518482942
752553332
572192464
1238250256
1939153794
1326640116
461625836
1023080072
954943196
255589454
1739001876
1795932740
906409612
239352832
1702195046
1003239918
1753377822
1222877018
1734469192
1352271000
1384609804
154083608
228096602
645167644
957127716
161405018
386032230
603849586
1389880860
818028772
880869754
1551491824
1729738742
69188132
953795616
1625069208
780281336
853716498
1244463252
1614443272
1051852646
287644384
2060568082
940817916
1299308154
2094648672
1491741046
188465562
707077252
1506168758
975605964
161158582
505459058
1590393624
1952205322
1560880002
128535368
1501292228
996421624
680495166
47993690
662722378
2024115978
749462638
1693542592
470077598
1020035858
1912085814
1484022550
1488683042
2095683142
1739049858
814525750
72803128
191220984
1622845844
1258495724
2138426942
1014406672
1577546852
59929968
736484746
1186051762
638787248
136719562
910883190
1679935102
1635184594
2054308736
298818146
198313158
45192790
1687776948
2016323104
1251754120
100298310
1061772446
240083274
1406450762
1776551148
667068376
537092108
112426258
767340270
1753823164
711164752
1343019232
2031134346
2085995360
864445656
1297738652
519868014
1101880362
709891634
1940130410
335116592
2074370688
1349428486
1167646798
568450772
2092376930
599301356
61399050
1280923338
574451070
196922502
1668756452
433513556
1206032124
1412794290
883504668
904009174
687602346
2008990456
980591006
1470874300
1364547186
1213028420
1846251642
1359895398
1198478274
622038302
1985613102
1904453336
2062684998
2081957480
177912220
773824036
1635287642
772264080
116905756
288519070
1006809188
1773716278
102318858
1553124638
1335180410
1103576462
308061102
989847328
1882996818
1358275952
546442166
2118299438
356703132
814776636
2096710206
864400040
138991130
1486732474
1739358278
427715364
311919682
2091202156
1216705550
942714772
706868912
2066675324
1249691524
978358108
2059030894
1105466230
666953764
1480127070
1273213542
3675334
1809650834
1780854534
26418706
1586276658
942761592
63593636
1601735224
1818722842
1211991674
127951208
422162650
1673304804
1712136492
1492103524
516011576
231799880
1456761932
1001536392
900791894
790663708
1239963618
396844822
1261396590
22915820
37238260
1535945038
994479696
1212711438
802934118
2090717948
1330376082
923496908
198910092
1797160280
473835192
1399695506
573168650
2104719320
308607878
2118297350
144704728
1636830012
513657438
1686884022
1317166686
1364424342
555650342
533299646
1774136328
1535964958
161923268
911968858
852131472
386732796
400094444
812769520
120333900
1182380570
885742676
1448734712
1903627158
1141638550
1341377474
1419086216
1210631148
530609942
2069081832
1954650852
36429644
291614356
650314208
1093349970
1870529148
1535685408
2050772110
2053974532
842785818
773758574
1891674888
910113520
1657133932
394312340
1099341230
1166413658
1835065264
816005784
755994890
2079872612
704517764
1297784902
638228952
366762982
1809793468
85187482
1909782686
1128239924
508224468
937702946
238662988
1239025250
1727110808
602514404
834895190
1372961134
71485450
1795806982
458736602
91617486
366807376
5026880
1072443716
774041200
455657430
1623321006
393684102
323609610
61207902
830605072
1363339856
34487168
1302685812
1028942914
1969549986
82961672
1702980966
1059116754
1852154184
661792142
2077497980
129356808
1458488578
749037254
356889034
1651299652
852870056
746580922
1954203948
878950950
1100651198
1328409830
1967225602
1125062058
823129068
1241154364
1126299454
874241486
1115739852
260871410
529771000
1864675770
487767878
854367410
93322750
444821532
502105018
1132079958
1596368222
574064812
1531697770
2066834000
1088968862
1524145838
338557494
1430375342
422990532
820232898
1079510486
909904404
834234802
1446522838
1194381452
2133196362
1619280824
1115306034
1582579926
1387420486
571045518
2096581292
401767756
1026171070
938482446
3429848
883678060
506610730
1319781044
354864514
1392447062
1973007072
605883166
383721606
1956163800
409976514
1143190794
1739013920
1905300390
863115140
414578272
2049164954
1287669322
1703963364
1945863454
593495380
807001858
2004111760
569314624
1008023520
207026192
932149592
1880209714
507337090
957456660
1330995706
527018654
1081614674
2139206814
1637826504
1130519476
1001079150
1011378386
1229419270
176077982
2093325788
2027427824
1790890046
1990552360
880467488
545763106
1215503836
1871122966
42641294
2129405982
1326102366
2002332584
1307165476
1166077018
929312162
758396404
161824380
1373472912
1788341404
1937869390
60426470
669005018
1261725794
526273834
285312176
1309405176
1239551074
678984488
1238956566
1365071258
928270352
1245368638
1295609618
1086493082
951773204
1335225392
2074769160
1922325288
265157018
1989237398
64395670
57426100
1964086724
1725277352
2018801550
1566968010
1933262586
1272926470
295083310
450814580
228228656
1588550852
696665852
1793868850
109030166
1663371660
47684674
178614266
1000614846
481496426
1796035846
1601397924
2140359334
1534793534
55828124
1545400984
1645901434
554825844
1376247170
1747040506
149959754
188233196
1067689146
338379378
2141461856
535688708
1370528316
2097669078
1558545562
623266238
995306402
1049389572
302817050
1137692114
1064494238
90478178
305981446
1200364930
30782144
1288474346
1873061102
288142260
1407712078
1100068742
1702913012
1783504594
1506080460
52417710
710248016
1198273882
1619428924
144163456
550444556
1338384430
815619004
362110044
1363139214
1692837988
1355749268
1697252342
1352951418
880525336
931613016
209741152
462931152
3389342
703716708
925665600
15067158
1338176270
164120560
767668390
826352300
2008110896
313363376
155760110
661744140
2028380240
2054188164
2030407110
2118476120
1720624350
1971752636
748516890
1359905046
2102665300
338397046
1142482096
813104480
1690288132
1758617716
316700704
148745036
308238506
1665007424
73764202
1535044090
630777394
1508891370
2131233858
1844446872
861663412
1005520554
610961814
268019822
1625119580
874806686
2047517532
1919002028
909442200
416881662
705517706
1046416516
1102911984
186017462
557253638
1321762948
758461810
451262950
234158054
724212912
208873568
678714052
527464596
1979008338
136466000
1885419438
2122097142
1567217880
1643258272
1014960208
988430090
1028619418
1290588246
2072576018
1563384902
1113522134
661307026
884254172
1857357972
1203865400
263323918
1069023744
1956656110
820644974
817686718
711593884
1219693888
279018138
1861412740
1342692690
1574252292
981505106
981162064
1370470762
1722227302
1516629118
1224057698
466135188
2067437122
997567412
1104851694
1646661452
297285040
1974785660
2129545136
695329540
1933354406
108252016
1504568360
1978616076
1004617280
108775744
21816094
1839391520
1952179948
1747350984
399367882
157265344
2092242400
335568980
731640086
1195598630
1276443490
1630802918
434586434
1580564538
937404352
889624304
449246802
1628412756
1913191506
1153390544
814389886
1618005288
222919858
1555463080
582585782
422011448
134306690
1444790334
425158088
487878344
251607946
581449570
201809442
451989476
184489760
2020423696
1648993708
1040446036
1570225250
909353232
1368840258
1834195312
1004720368
1757500692
1310634470
1050145368
1719178698
2017424734
1592697666
1456651314
1137582068
2049879122
1654740006
2001769962
751114978
995625964
366357072
723414614
1970969386
1131368352
1767527342
1934493200
1510171146
1219000928
182782030
1140534454
1863631660
909801570
1882281616
595585996
2008043922
211114518
1483592834
1751601842
649226250
458598272
1328689280
1031870576
1337297270
741883556
1862473814
1667678990
199024202
2059350978
1406658780
1526624554
1259935050
1235487746
1346719916
273974424
514850640
1200765462
1957957144
1941300114
917230536
666016794
949972328
776830618
1922350022
693657908
338847318
1478467868
1381633564
163004434
888956008
156151942
736116462
13503088
775223450
2143018704
645071932
452000302
347409008
1911279686
2033191592
16065076
2139777682
782926426
48122042
1938772174
922690726
914106234
1644715512
319810190
1481111642
529222478
1009775050
1492783308
1994131278
36305514
1663146722
2005051810
1641861094
56062100
2065448160
542529026
929690382
2043017876
126921636
1132402698
740910028
223042732
1681805588
884409286
637399248
1783502380
741948390
1618605610
229684556
1065628096
1181776990
323754848
1877859348
1416932082
666374268
1919999448
719053578
8501292
948036410
1945111576
1770560626
1673785576
642561694
702862494
1467389958
848668546
1836681688
1542258748
1822796356
390381020
996686566
1132316366
65971920
694082764
1035197274
1904179216
1363370144
124310318
1056306402
2067943288
532883236
1517941188
406102872
1590030316
131370324
1878916886
2078084774
724704388
281116100
1620788350
1932351232
1528037926
833199966
1937597344
1651903582
1634960634
415882252
121788092
1787824348
865458836
7141024
1986129298
1796779240
1505528758
723201780
721306124
914671582
1587471420
1458982790
1877984216
993646786
1911186498
1494179152
1571871590
2068703992
1709776992
1317322852
1180836592
1924259722
1855995882
865234456
323663262
2004122398
2108912294
1888480838
1653239046
1825422508
1530205284
338993250
825119994
1658836240
204485056
1770226764
1903262800
1234677214
320898390
416052802
539916614
1978404030
1583220728
259224490
1981437782
1553458696
1770513702
568288968
452247234
1154075860
579957082
1657248834
1083060892
1665968476
637272052
643602934
1809317874
468926628
545161160
518912884
1851163782
1200484610
366017160
1591264942
171560160
689781274
1735927358
354109810
1044310260
1345103344
305363216
1399258880
1583047096
1842669592
872597418
917981634
447858306
1596736752
2118072358
1625764370
956510954
1566553592
1813848188
1764846888
1148785866
1045787540
761530396
1305858030
1249304268
550716888
688513436
1976888168
1878277118
1341961750
1644104660
582095472
1457332774
1390655552
1977455328
367998988
34756220
1352187336
1784202496
1969094992
659035712
1916333570
657151734
150195326
1964596326
203105300
1867482116
933308798
682315760
715825202
1641916290
811693266
1967595600
477162400
1920892874
1387232168
596383468
2064988976
703102072
2010667268
525454448
1094678704
309496666
897604150
390035014
200157932
1147323184
1254538044
322094154
449267404
472848052
693079198
1292997002
1517212164
2091037864
1299328870
306184426
1534530786
1988284850
451658846
622023610
397471894
413492116
1461272528
720468612
1099701832
1576564490
1626538618
1293002480
1752557400
551131644
355242876
1831694100
1430378090
1125449966
1256015936
1121459416
674351726
1404408108
2125487942
906985014
949834738
1019023276
987932982
115624360
1980273582
1622774784
1814441538
328250998
1245760346
1566141252
683277656
1705521258
999861980
1232938860
1328370994
1757320224
555097864
1115671806
830746346
1434472482
634166324
351549788
1915255498
331901632
904675758
604901796
738537380
1445860050
771242354
1283128206
895514882
1516346232
1192427970
1260761692
460430652
364486696
698157152
953246050
24558238
1485331192
342777318
1237380692
841649432
2128986044
720395782
1852535524
186042452
313617264
1423419842
1671824616
377485356
921773276
666510480
535396334
1738573104
929137034
1265515716
2076057028
1782543728
1884864946
678340854
1502705304
1752676258
1341580752
2094137526
152405744
759886190
2109986922
559928472
276511748
2056836244
496895244
1481211676
660058618
76101404
1448643272
154843754
2089866440
128560080
30534228
359302126
537057100
49165160
5207630
1229954228
266269928
1649639906
2054251586
508972874
1437403612
1566284610
173944386
1035202446
1461378746
1813032184
1110408868
1224433800
770557168
434193658
749240654
1136004046
1289363900
378062544
2072987250
1782633652
546477812
2040589872
1287588854
602154682
1118906518
801214924
1254326526
1223289828
705997958
720156598
1804524716
1368696470
1726148674
195761156
428931342
1725774574
856295802
1979660012
283731002
255566156
281859066
1502882494
1150511806
1324760578
375136126
1161324774
1311493400
1585483806
759870464
866627068
611341692
1961167196
322481214
1349434284
1793833552
1988315416
95160992
338017876
1529251340
459398640
1030144996
233780152
170505840
1946194902
2116792168
634201924
466411900
1560536720
752413910
1799897498
291713924
239726840
2085513112
1913309270
124397706
1059719920
154256700
679940726
2012768536
927347888
2066507642
1754649356
636551016
2036415360
631472420
1743826070
551717756
451625950
516721032
785856212
595291220
1287459684
305263172
1514833370
2071786780
1765105736
566139192
713962996
247286282
125745418
1489131162
1473588896
1287570736
1134714500
268135474
338825552
1777231540
505601080
1329812462
1528291644
1979947366
1583334946
612711726
206042034
1251709906
245444650
1968707430
1152495820
1991717720
1543712894
1652048360
455750666
278820782
814868624
689336650
409803408
613003466
1732147546
2084557998
1203464512
1182607812
655735140
12846518
131537698
675418306
1599733168
1487520302
156088236
1238092872
149865542
1134516532
269760798
479652254
2067293270
600518250
2061338368
1414556986
1850770638
1023149718
829329106
2141524654
195709080
1999115238
1622072784
1138773712
1435607734
1072449454
1540409580
1692694724
641659004
2133342218
734276814
224944008
574650918
68123718
1323177198
461264114
1764199030
715848472
1717568412
174948798
1896605686
824534514
1773864112
1445380558
1593260478
70221314
1171391028
292555482
865905364
792912008
2035191466
699636602
1828496284
1364456822
804663424
695646736
2084770174
1789686114
2132734374
1276964436
1863488192
1833686026
1584561440
209587132
1197008608
1791333730
1061215356
575791412
1478390958
1913948286
1326075522
486549258
1555990206
1372346100
1271044264
1306852026
1799692966
920143456
533220900
921070930
858891062
1473538664
67049642
833754458
696753526
842727142
1929560348
359526770
980733844
1944747254
1671725900
1892786262
5126766
437097758
1109115094
1830183222
1714127186
1428454212
1317650090
919204804
1698598260
1704112970
1557932182
32906650
244620732
1172470214
2128688978
1926882582
1946842780
1488200946
2103742964
1936778790
626310488
590427256
1695574546
855735860
8698148
1996598740
287535200
695859476
310272692
36994522
1526468824
88386036
284363040
704945090
1961708076
2069522762
197318218
1777970948
1370275502
1880195222
661887528
2005537882
64322418
1694987470
191965282
599061342
840418052
396683438
736608900
31615094
1228275120
1315707472
1432616476
94626000
1036334754
1036382132
584206288
612235074
1281872108
1672626730
1316485720
1547738282
666591030
153527020
757125078
546893116
1659222456
524537832
928399834
321804760
2133967954
1914046274
649576194
1953660682
47880894
79651496
332778982
505455676
493899144
762168074
873635856
301920268
2139517262
1000204266
747992882
875363650
871669134
1076208116
238714866
1128263778
1324914272
1165692268
1518116880
708678614
1927208150
973894842
1492079686
1554347342
1691532746
14442990
908156838
806824492
728752562
371328216
865391462
525840580
318532238
1808906078
1305264412
1319555028
1796305320
1202988368
757803354
484561416
1845418586
1949899670
2072047622
1561991592
959380540
478723976
1743276292
1549623824
722156710
1339949590
106268864
422222396
113454828
1394332832
368611128
750541216
1492530188
241994462
707658112
668635608
601564104
872358298
1352512534
1716018946
1128370020
719973674
1849481712
1099731920
769160102
665510948
813413494
991494844
1026982790
1917488224
1043666438
1520393860
1414655642
886426300
1489558956
256762650
660274192
1507094598
311542142
986250600
1075728612
1689411504
1806879444
461988382
469502802
1901113244
883823074
1238311518
436141020
1643903290
1984818984
1461055382
1884149838
410848092
731107448
1394841332
351550466
1501907716
594101230
852299918
146241498
634398262
1876126762
1125691536
775585106
1995851544
1242211556
1073862488
1070899224
297629608
1710683014
10880770
2047610754
660730532
380384836
1147686950
241922148
19208502
1842903742
1489487500
1241803136
1504217714
882080844
1384759118
722227070
1599008532
1320963252
361271456
541464462
95792224
525566222
618087660
1139433976
1916396070
350780958
614024384
506212524
351148612
1144136222
1505257642
698202800
408194106
1316883548
338220194
1877562886
4941586
1067671394
2094312794
1592642250
567624806
959194112
1403557108
1421413288
220687220
852149804
1498934128
22314478
217081170
966820690
2045606344
1877801686
26538786
2086694774
2128489982
998311476
1799405004
1793193578
806862842
95734092
423738932
1135293424
998665926
1841395408
781881126
1389730792
565849480
41193532
2053090714
1860111252
625618116
103659146
481755194
1959701642
587748728
2032684484
1803910858
690831044
141704592
1805519598
1062511968
693184626
32285342
1570003024
1899801168
870028008
1744631640
1103182056
1355567794
671807500
62467556
765748240
1525297560
1051316594
351117158
1589430678
956726370
303791188
1893333614
599905566
1473450426
1925541952
763148958
376109462
1851689882
1604877156
514864798
785682092
1785899336
497651740
1717283460
1147341302
1005133296
534351320
767811640
1589536078
915455932
1470178278
428937500
1819077024
535385208
1704737990
553671792
1262626830
175056624
1770590112
518653780
1332933300
127272534
709124504
1283920576
215773852
1178683464
262601304
508576972
1926812078
1427406518
1991224828
1851301304
328612784
958602184
1686186328
209678236
1557528792
439161020
2079304726
1464957492
362613568
1309683418
390661208
1191241894
1847740858
589197218
552056140
1901795082
1722184056
1043426204
1929552546
1653967604
989514512
209645178
1709175008
1361424056
671051548
1595248036
233841500
537731646
1570593348
1793907424
895055258
256767204
1787352764
105755280
40221246
1065132786
288185600
1542336622
1957316496
108887972
120228902
482270824
158305734
1167623472
919250710
252713188
1292187008
1907407050
1621938082
1452235398
1954214148
1735653612
1760286458
434085724
1917678354
1324373168
1220445890
870546068
1248104062
798804280
829736334
13494956
1721777760
480472034
386430936
1594528536
1011740052
1929795920
736658342
1806529462
2054368142
554273868
1194400378
462242002
212986252
1594399166
2102309156
1165225668
218166632
2071787540
1348760014
834584996
202960306
656653196
1492326140
877140902
1438821008
980883472
112762164
1543762152
200035268
104300902
100719164
2051139102
48670940
762970374
591972708
358054440
832071792
1216486660
63945264
1689360516
228815142
1555805068
1777999488
1637626968
1982845632
449999080
654542350
292355638
762568948
1538682208
1485069128
1569412428
1241449850
434538016
1942552168
338145590
1739274788
1085919082
1793926026
1654020668
495901198
1149575184
278911318
1654521452
1004894140
1514147834
2088896448
367902022
564336632
645242862
1727809120
1097230532
684318112
760371780
1650734462
1667396760
913762818
250785286
1589141748
853486720
1991188030
1636756512
1078669696
728918292
1848158026
1758071548
6365618
598124184
642952542
298830434
266109980
851627020
1943868212
1534971454
772300230
395505338
112537320
837579496
363371194
924699008
366365802
2119167346
624010502
606358008
2051508312
1232977780
143638760
68197044
818165006
1830810360
1548713770
926068414
963223470
1015974514
602024356
2147150432
705858576
1396799272
1561072894
619381688
1649149742
2132476014
690168336
1201120426
358509790
2033895738
175402388
1692448896
1840532644
158629034
922229502
560984070
291565212
348203190
1981631580
918529450
1207284886
178161230
1675882932
958811664
1690719152
1063661782
1260495230
731335302
1856298
1131816428
556691156
2020398538
1046182072
76336396
1527065742
1641582282
1586035606
1206445750
995897580
327518312
1508506904
261829354
1265053854
271130526
1014787008
24868874
1659687346
710504756
2000288340
919535378
1627889816
927157646
456867112
1341087236
1223477044
208965654
1678837036
1647005838
1544157030
232892646
1258419724
1360904648
169745568
585977202
573151346
930099320
1201893096
1975771430
560837618
244015892
1639733636
1798557886
1973772122
1812112668
571069560
222910344
1324160294
1566651512
1978380434
1768705382
231239834
755038916
680764462
179737070
1882522558
1247677202
236585848
1248160296
1279556012
732133502
780357832
545988306
2084376716
2091360878
1049246114
2042888268
1835670394
831524102
1821928714
1782096510
1829880726
1289691158
2052640784
1290410334
490392404
2133549708
1555869974
1454560474
1368449708
45020458
447815372
972582308
1525462654
21602026
1461728802
1928575256
997926674
2071500470
935775724
514569312
1432825826
156093066
1210157358
1157606726
645217566
1913281262
81818774
123526288
436327394
1656932460
466591444
940634346
479622008
1488799662
1485730538
1985322420
2020729804
311573048
58859594
1518113666
1182360858
1392531744
1223912872
66975622
752676528
1567729780
1426957620
1626496578
1473359692
988288340
2078835836
1762521852
1422021908
134379696
1971324298
1348899484
12533382
1232155464
1914742502
829585986
248415372
1582029230
1125713608
903883614
622291484
156185534
196713052
1253802132
711113688
1011360360
802110666
1928369948
1498280258
260619412
1981512250
1386323086
1342965972
693727698
1982903132
317762320
483601842
55742640
1961110994
1054448160
229151070
422169428
2126781352
873156998
232304348
476747602
70018032
1554510670
137253226
1469308166
1648408028
838562200
574141212
1067184216
138838922
1238236924
1811670506
1236202714
1803110894
15953390
1848416286
206106474
255001834
1218338578
569909082
1347542990
280003680
630238650
1932030706
1122212346
1764313384
1114250674
575841542
1385729642
821284686
457647572
980703592
754645676
1722039814
148273330
1055592278
709850886
756153968
537396114
587538978
1622048554
661849054
424973586
616910844
1462092596
585272864
308059726
1823169600
1086526636
444169398
960517020
64045454
513343260
998249486
651839634
1841161338
488089474
1592294490
1396248296
249007376
1037427660
595600434
885391086
91570954
1626464838
498342568
1148690530
894033450
1991518294
1248890834
580769310
2125090018
2022771178
1748475822
1270530996
1853089094
1147260768
1558326268
1353678940
1540698768
1335797834
1732560226
1238719336
753427642
1365503174
256823260
603498566
512844882
1178740204
21895782
1064518370
998401820
1968068956
812346298
1082556476
806522876
2111580718
1327418934
334511550
589813392
1102122646
1991388400
729884642
87131854
51948810
1910654148
16432428
1461853146
568901980
1690265880
1563798212
901595896
1523816664
438462178
1465333826
1501402638
1613088282
1408770594
889084998
2047051352
1121374836
720704908
385611712
452061640
683568744
1327951510
1426679928
2030917956
1168642914
1429005834
521886292
1461486576
493476766
1104508262
975864764
491579558
935526486
1308804846
1985578578
889817878
1686454044
239216984
262590302
1730494250
1733334392
768779862
104295204
361451810
1591408560
713335480
141549334
1247377178
469523968
1591526864
1702406278
1802695750
1526496228
639850178
1683826104
2095198410
1868572074
1663918742
702273104
1524458594
311893180
1337180076
1211196254
178891806
913488874
1295967534
768945472
266225802
531165714
399760530
835586398
435736704
531094292
155075484
1610636510
670949246
152256310
479030472
1266072218
1202546510
336900180
1002662114
1894027222
1580162226
470265532
2059580242
2097414158
1582242956
874714684
704938210
843853352
1704695322
1916947442
1319243168
1956181606
1141979476
835367636
713674794
2089296062
1183651092
864132316
588756408
1320164152
1274177578
1462566282
1412505632
147414500
807984338
1389018524
1993407210
870662036
1055957836
287781422
1838510566
1790119096
798583818
777810842
988099188
971932468
771349366
55162924
1902976440
500090838
753252438
817979544
1655871444
2085158476
797214974
1043031656
1124154064
298679154
224968176
514739952
513444986
1438651420
89881558
1328472872
859104460
884779996
471149652
1062767112
1113642762
607411822
76935754
1772902002
294565880
488354724
1178912856
1801534952
822790050
563892130
1208756908
744891562
1643075732
1526084710
939845264
314588888
148955400
1576994900
998214848
154206822
897189576
1090465258
2070147376
932345894
646960096
635276768
2027811894
1973480476
748691118
2131736866
293144314
52381038
1106214990
1472932550
1631038338
153850406
1334070078
1997013374
1579558498
487726774
1646507286
875876706
447385934
1500364836
1971209734
1585304242
724815206
1232883936
70599314
118526874
928058004
1089972530
660605186
807361938
1902495528
1456073460
1306546710
149219560
1378102660
1693428918
245479422
703045416
1262032540
1636378850
1993458206
1545691814
1592785380
102822054
126858082
914092812
316326714
1150341868
569964208
1023656114
816350300
102953606
329446218
180451118
105933192
294074256
1562275400
2132964606
2118934060
1579508964
1665243228
1698181274
2050126872
1135323680
133161390
985805042
1778300890
1967693130
1635634344
913842300
207044458
222897992
1469772390
1510244126
1206675474
1016752578
2116350114
1662328144
451212166
1003062534
686494348
1643745066
463982770
1201208926
951920272
801814262
1038471626
1443060702
999561466
115569990
1475765316
615420622
605206502
1131011436
659719048
148098226
1511256190
416947802
1198753656
1405019906
1285900242
248464776
2097229108
1128425656
355013448
23153652
1382035894
1638323338
2015933798
572824158
502130050
1580828770
1847521120
322831132
1319191004
1241146270
1833312676
1009938562
551236960
1248117456
1123781444
1094154622
429202088
404272754
270891032
105703588
1568417108
908911834
465521332
665977584
2069566616
170260738
726265610
2013844026
278028478
570553178
387032154
27078450
90574250
1783689650
1011643466
1250559064
1017559626
67044930
1808072514
1788689948
1152926346
1859757960
2063436706
493429752
455835754
1474716104
1476061300
1117910766
1470094124
816832644
619421976
1955331542
479457626
1389911232
2114674880
19023742
204430868
378519734
1286994330
552359328
1187236322
1265702274
1901299044
1352091944
1290216886
2126281646
196963734
1957782806
734419300
1475371922
1711337384
427385084
1323951392
160855382
823293164
905475202
768541530
1256328804
64015290
899507992
1317768482
1456057418
299330028
350379550
1270984316
290221308
1330685292
1494800578
1099492296
1956338228
532272402
1345441556
1111315026
477183666
2146347176
965941138
660800882
694714864
400380478
701203444
2045941834
810061006
11225328
1134248334
360436144
2041808930
827636390
1270457118
174057612
1526488726
1701523460
1364710588
561327304
2129220664
1297811450
1912377452
1825442064
588520340
1324883260
1149751410
1542628008
409925664
277575862
745879524
1474881768
1398376234
245349080
1644554888
89674558
1732094706
224731924
1182203678
1541509724
1189835464
1742699484
1175131006
1662077298
1985308572
1712852594
772293818
1194409814
301990674
150322010
1172089128
1622969358
1503656072
2045977800
807466238
512361246
391609930
745850680
1889634494
763207208
2112849288
1839431586
1611109560
1410859622
179723368
939810116
635209598
607864422
1814771992
343860514
186642380
1792159548
1432294028
773839268
1910372592
44320376
2117710530
1272214146
49686354
67852786
1196660472
918790332
647355278
357423290
107220402
466145082
1403604372
532671480
360890272
645063690
1677503596
106496678
1969015822
532381182
1386299060
1572716236
337314850
264201450
803385514
1014408560
428715190
1235794030
667793424
1938677018
1620232460
1705756902
1585907656
102233270
918651066
321857824
1115588324
250240456
744493762
1379721680
1175712316
1106548022
191371158
1693005252
745949062
155909872
816788450
203575938
1789759584
1935227956
644735068
1871437276
1374673164
636614994
823864998
430886636
58739672
768814806
2006831638
454810284
1748385638
1738105678
727206624
1548670466
1855150372
1552762578
792138978
59032684
1464245670
1428702404
100524638
240792758
1798257120
2050930398
134566314
2022753640
2102450312
2121046298
1231243722
259332764
1248060818
858487316
1472396542
54093724
1421027206
1582578338
795317636
737461056
1918164856
482182018
1166866698
220223392
286625618
1814057542
1522585884
1836071574
1998072464
552090094
2138001348
519483786
2113854598
863390728
817331396
176947934
1000626478
1700865848
1996024826
1375797260
2036711974
551189496
1401692558
686622330
2123451916
1033040852
1307774338
1899395700
1883581902
1839749638
286461378
568486940
365110034
1218138938
216533476
1897078794
1068184548
1838555206
1678860596
677958116
1075998700
140824308
736715510
1147243548
347258626
419714564
920341930
1670513468
523726320
1779441754
1215405602
1939088432
948547754
247618346
1788775462
2025667136
638093752
464025448
1228624674
1721939792
605644092
1148096080
284646072
1379981176
1692937266
16455368
1213032696
1164162798
767257214
1058967316
791601868
462896370
1013270604
1490484872
1783995538
538487044
1029678678
1704393486
492086650
1999753078
718022132
372216936
488215128
1479336014
1647599570
950949580
4382408
1500099246
2098876804
1186593022
369921212
1042926828
1097084426
1645210706
1670628514
83145582
1165079282
2010359878
429997448
1492299056
1512263852
2044487608
696712428
1938530592
916256426
862477880
505598210
1378560642
1440379078
589509230
493610990
1657389464
1793142112
133787600
565721798
1843319378
99755040
1024286034
1074249656
81771626
1249148686
1670613880
2047815202
1775336994
1830355988
2008538688
1795587194
185350050
182142506
2030800156
1625234656
1071284214
1670657594
1016300902
1024091368
1507417052
609588588
1442277448
736774412
1995928500
1338864516
1235171216
1811548798
1943773282
1769322640
108550582
963335624
875246156
1111963016
2057708764
1749989474
1104411554
1901480632
229693952
1811373636
395772678
2095271240
72511084
1080833866
1249588120
1259603888
2029929012
537326798
1633815244
1769006704
767033844
1248485990
615053566
1268903456
58722986
1136548294
1571790132
1908086166
480873614
1685878220
100032642
1752165306
926935788
654751770
1116325242
2144554474
248946558
29767060
511355294
542412238
1459256446
387719210
513834706
2056132954
665006870
1409692958
2048164666
1362582370
633744004
1061526842
2014200322
1521779338
1828344106
1105634718
1516763260
466054648
497376080
988308346
1698370286
472881866
14788856
1803246774
1773991340
599583508
618208478
1146574972
1092404806
1456920288
235874444
823796262
365440636
925052554
1317845540
217109970
1657491322
2011005878
1506010632
79586608
117219554
170725064
1462623192
1611779842
2111775464
194436650
532563188
1459769430
2012781056
149743322
1311955450
1863898228
946174856
235736586
2131238728
1443122792
1264575212
2147301800
678292948
470163326
1064724242
1237500942
1294131880
516647936
1671725368
1369538368
1236670998
820172518
104105294
1668562472
422499974
1410633974
269621732
1697170270
449267388
1459175516
758414682
61699984
1385229920
800454352
1564752868
845896650
1061292734
1150929900
2128706374
652832886
1250313934
2074190560
305253912
344724442
1761115582
1841318794
1001674296
484036232
2099401536
2063314520
437574214
71494854
1146645776
1593299728
511047942
1082750006
1101269432
661426844
1553444732
1442139812
1396784784
339355700
1881556702
521795760
292778858
482253092
1033468848
2099754100
2030449518
691105488
232528634
12896756
169384438
1146555780
689988308
500813716
370503486
1945919742
757142858
2106944186
337124732
18493892
1883911498
1036865016
494943876
1595217650
212245164
1409884104
1695790764
2052633884
1414965996
653359464
939923024
200080288
1871428918
336405976
1664156190
1259194726
101849058
1337611708
549274202
2090781410
484548182
1038329944
1144830884
1760205730
2125170264
1368965500
470591348
583222102
1324983972
834606200
610045084
770540080
2047552522
1088790206
1377051324
1659175330
1635549284
659813350
1426688256
1549277756
2001294178
1994152332
1443803620
185201112
992466702
156525706
373845632
1308003734
1970772746
706355790
1508659220
461827816
1128300594
1795418552
1900458724
1369064410
913015926
1568757872
711567216
882038548
1513448528
1377721084
129390288
139643240
34523596
1970788936
1285936856
1871014310
108417038
1240374708
689055422
1001829758
1487550922
1586027544
892869360
1253700036
778682400
978453856
302163118
2142944602
1520266244
644957816
1210875450
954645634
1208679026
1609201710
2114401344
574088088
668319534
1174739054
1622770168
1398270686
1979856040
1158488716
136897016
1374102564
1935033422
892970978
328522756
1563026850
694608714
919959536
797590298
1005020520
131240480
1743608342
1613163842
1454419842
1838587258
498240408
513387558
74044150
1116970548
439809802
2017681586
1680504996
1265240430
1232104372
632073448
604045092
879867398
287454556
357377566
849359196
1191901058
214719930
405985624
1957280048
303205034
1100985228
1102859028
1405847482
1795169768
1540040348
17437866
500962180
347103722
1935665408
895012096
1933379754
1668887766
1575805594
272837466
1314763458
1316201372
212033626
1341297520
411897746
698137700
1511753768
219993188
1564474982
1826775348
24439174
1998356210
1109621130
576949948
793877694
1080145582
2056773978
1347473160
829368298
600015524
1606726154
1271141082
1481065442
1811686912
2118360774
440945508
1837575826
2138530134
622144320
874314544
524043342
1386022554
1492799126
1913716934
546081382
496562472
1470279528
618858390
1039661682
126546464
226378264
1374242936
926408630
1903495920
1843830494
1687386050
492809776
854497442
1646724518
872633438
1473672770
1222465832
1741836348
202328014
1656346148
1409482022
320939488
986336216
2140373866
630416874
1572378452
297930038
1020656426
1755199994
1362792942
350705116
1411051154
1759236090
393701826
1743600836
1201983446
514556548
1863044664
1798669600
415580938
559019950
297298584
1226044302
1906246196
189828764
1533111816
1510859236
1808934962
1185286558
1338966366
855834590
507478898
1028714762
1901124412
1668835982
653529172
292621276
580780006
540949162
524282096
471706862
1712049892
516497878
10022840
983999952
334633664
778396906
1674764766
571256578
2085291380
1372668068
774747818
1087179014
1766332676
148243204
710014382
634012838
1331418008
444892212
1035016932
1449362670
887913792
216045180
622849580
1949911440
1756303234
754844386
1851730962
1219045716
484915320
2112232186
686387430
2028290754
1816735568
487150802
263508228
326834960
1413198402
440454530
811608486
1277211946
2094204980
630839412
1127578876
497434034
131415688
854855122
547511806
450461786
1826460964
1287764908
511274276
409557798
840524228
3255326
30521600
109337608
1737113360
844887254
753849766
996430646
1922321176
1870033178
889101514
492710008
1619555662
246025374
667017752
1000476040
206517922
652687516
732094050
1157620218
1013158910
319022108
1625526982
246537892
1963575224
1425461528
867316620
1861974814
1782953076
1100951006
1646724170
1585997490
399105242
1879565258
1634076804
674951372
213009150
627186048
2137455080
1157278430
1552674430
635780634
1980105296
1718664218
416996364
389296250
261348230
2053763162
1470352448
1686333142
776844708
402093506
880512712
1907815118
1012232994
85185822
170574326
783753270
611306168
725733268
837354890
962542506
717279354
1110911662
2043689400
914011922
1082499200
2131008192
1099861152
109559300
714044136
76644232
2026181850
2125955908
1938436378
659559382
1674542598
573557546
749756412
1286133260
730789098
588004892
126958878
789600586
1004741372
650174788
1962993086
598063450
2107046406
1656433820
553841522
366479890
1247966940
1416292366
1454800994
213159528
2077289510
2015302002
1622522582
968384826
534968672
2031813434
1826829082
589577992
1702237594
1785439800
230753052
1945577514
1283246252
1861524718
1304268134
1758005350
1119069904
1751822056
1109956146
252619024
715050250
955211950
111810250
1165643514
54563120
220030086
141866910
841852504
631985648
295480058
104259782
2074494230
345082964
415826750
789467992
626251314
2016927618
1272616760
423196140
1659476418
1173448186
1692514374
927225208
203331178
672916314
22844066
1817439596
634053386
881669486
436896794
837902370
370045474
27121586
1569770022
889139828
151198104
74014300
1685952126
1757744108
1907442268
995350908
1322065474
1063028234
189215630
439798866
1708258640
365146458
40535482
534886790
1046670226
1066839780
1147896104
1245441736
1255555338
476036542
2064565890
1409904002
210987592
486942478
2045416758
1126417024
253949426
1926167496
516895408
742812822
1367155934
1373976370
806162434
1740177160
1261471590
352768818
939324896
369120234
992564724
171671424
1609809320
620002202
1267833130
1662761748
1787633236
1772965810
1132474186
1202304316
590694916
149242332
1063529054
671874280
2087749858
1990227156
805936532
2065354420
97668478
1311009858
926763306
1220089518
1620081376
1433681228
672803192
275378458
1095219998
842320914
1774638602
498186304
37105076
1509883050
1629134630
1361189902
886127892
1068212726
1263848530
1548848114
1109624890
1640034886
256653836
265563392
1354670546
684332616
1582176534
1723458640
2100208956
197632322
1985028184
1243056636
1075373184
1075245418
157729740
1140863362
511249032
1026841252
42636106
1942871776
397645122
2102905214
609989198
2119146916
1211022
497162410
211434180
539429360
1524508758
1465500330
1478591476
517848260
1967703568
993973852
1700997958
2031902826
1043372068
1939802338
468579478
1498817670
1172600182
1534733906
1975819582
1627682602
980930514
579455290
931769244
1290041478
1748331638
433906456
833778228
520005156
298411598
1989955912
1755931302
1081854516
1101276194
454238042
251578424
150507178
1043122816
1205347040
1137985296
38548496
999453306
1279440548
1986065716
1884524304
975253742
2145178034
759473410
194263942
426798032
1440596290
1838324310
1146593876
420106500
1616641192
361681244
130465906
1102880956
234844104
933891506
152124470
1409571096
1323448592
1119000838
1838643584
562901444
994275040
352458542
1140613360
163513888
1201774708
964463932
242945814
1750203252
1515209812
266951254
600334166
1861004344
1362817352
1502537684
970879124
1942759286
1710917638
228054114
1809294978
1887944052
82243286
2008545474
946900452
1938549248
417323964
1666589936
1062099098
2100886546
473391222
1439130918
258988498
680520456
1533318242
383769526
1232375262
183376462
1768732740
42778336
288311858
1817102202
674708382
1295111600
277892840
24811078
381887552
1693268166
1026962346
1592478918
513766742
137677722
45278446
2131277926
1796078620
923058486
433337746
1909201934
256927218
1104277360
1638465080
1676938444
1398466850
263254790
1558953882
668625126
73203920
570963738
1999944856
1377128862
42516372
14495828
81068950
1614266036
1968422372
1013805838
1763297846
808848846
715005716
1091349156
1118939704
231439122
1393375878
258329694
855967132
190916072
1099150466
1991094850
252428798
1801034636
1484170744
466103004
1640848260
2130519756
636466540
1773133864
91039114
500682948
190264226
779158756
2142969990
580782774
1956507192
210235946
208518580
1692869386
2033418120
1274766010
1652072714
1671597552
1089719334
1103405240
489032940
1123869558
1286917446
962681434
951996050
611828098
1570543520
121144628
325574454
1581813944
111738218
1302139066
1534671142
444602438
2086894626
974686488
744363192
136171088
1222365670
800855200
1571550812
1273306282
1363390968
1660158828
1216125558
1039743958
686562466
1753807800
1273233750
1738004398
1890592230
765534856
147226996
676979974
1813910100
1892629470
136105006
1109781410
89237256
1856104782
1661136598
651102594
139222668
809527044
552013062
1170341378
776368180
1287753198
1729312334
2073902948
422155880
395946698
516236088
1276116936
502846286
979049496
230643078
1903408866
1037614808
1345042352
706942612
1989036384
1064851566
1956780320
163077494
363751208
1496848688
666073956
1589782622
851528610
603544094
375890830
1295199830
304069416
207673474
1475777998
2021475522
1397755518
1893210592
284605880
910948616
1010266538
734278846
2015698834
1677640684
623359768
458518966
1910497014
1013130130
685907384
386314888
1041200758
834809240
961935158
1257202570
1134587808
775214166
456920106
764902848
1820296502
1201140586
1926208090
1627832026
1735908572
833015190
1783676624
758694278
1449295172
1379851256
427257192
1747925104
547906502
788568426
1713733802
1303735536
1185866042
1032763496
1262091930
94356190
867705718
772108802
1897968958
1200078876
886922270
2142907194
1935652778
1405966658
1887075820
1532688746
81179286
349121032
1170335194
1654180648
731110938
1052157000
114875044
266093462
176398096
1204440004
1544359104
776228924
278931940
1276263324
1629736792
407034124
1595705290
538468832
105063444
2085317216
389912426
1411656568
357525260
1156375058
1062587874
618425726
1760712744
2070421122
279269984
1710164464
1453872636
1089424732
112543380
207894474
745954800
732140012
2038329096
1363300332
536846090
1389688844
1951947210
152697802
1217168528
1231670750
573134280
1232952440
1009501118
560608090
1786038022
1908107034
1681091818
1947543564
911162322
928658384
830019414
189463118
836679328
1231008580
1837376706
2062077226
803712068
1821182374
1900491896
1897038960
1894075740
1519676422
1496999562
1422148356
5657428
1880846264
539892330
618299414
1122728816
58077346
270249564
1023044908
971410336
1839606736
262256248
766594150
506273066
1886460852
1683574636
1489435916
1165332780
731065870
507639020
33104332
1315228584
462417698
1811725720
1066801908
327287476
496374512
613131272
56092278
1110134530
2069363494
1331781710
1621788554
715832080
651219826
98081956
1289830500
1880730556
1315390530
387167500
1131305390
1921853626
856723898
805098924
1243609438
2005415928
1807477606
67178434
1309291706
1411880126
605339714
1840955048
582175420
1712213976
874416550
1692441150
941843166
601569044
2046819174
1877366686
2121833298
422566860
669816302
1374077456
1339894442
373585528
1078076968
108831728
1134893752
696523462
1401280810
956595648
486154178
1860984276
2138829548
984957042
1584948706
1423459970
1174136600
503209112
738832718
918278082
845963488
44156434
1196965000
903492472
1647362600
1646125768
3627204
512947786
1682166548
491089276
1770523296
109645418
1728824288
615059174
1999191006
1948399732
2015371460
1962617914
1327085204
1746551164
1785029876
717099436
191935064
194823586
982327886
2130498102
1229219126
1288948154
1336799656
600612506
467029206
1205139580
1158757956
974923200
1173184248
862148130
1175791986
644536792
88475634
618758412
707959578
310389560
1917496280
1584855222
905650484
1702521208
1230839688
1124076690
1838158708
306786568
1549835302
1825530662
940108920
58935364
1301037028
166702578
1191782992
512468058
563568122
1940213842
1913045932
151936480
18243940
1505299306
1099829258
1276991200
522636752
1694751208
658840724
1844838060
1641676702
1605367462
486753008
367945006
871110166
1100520832
230639928
598404824
637858822
1051424256
226779608
1138654434
1762959530
254548102
360002806
1551904452
1834661014
796756952
1694740026
617167138
400818916
1740854610
1943432832
1174214226
1944035944
827397976
401652260
107949058
397742696
1695864926
730860634
87604544
1622851282
237863784
1127567008
1084074506
1703500346
234200566
1081164422
560189740
1081515556
179516682
1766393646
2032869654
904312020
71691162
2048051312
1695229194
34539884
320834308
814951708
354419368
1092110568
953635904
2031812796
382852674
892706400
1806852236
443197066
1583858006
1562643820
1630664012
1064447842
140729340
2029462068
1237779280
1872391096
1134405362
1123626074
976973886
741833076
573772236
1365991352
599801246
1185496846
1376812450
871926496
765719598
2059004680
1929774234
1607124830
1898086436
170026900
1689433308
440408488
1940378702
518449550
1665557198
944006572
1664915950
1178503616
1761712190
1986925122
99394254
1945715578
1654238212
1681494684
1349202022
759044120
625056134
1047035948
443997672
1213076210
1499043430
1080583982
240431168
375641578
715936834
1163624924
457711138
305954910
213554384
1712883436
1719936040
81532698
402791832
782927732
177302832
600822362
1538704884
477106696
894822596
1527254048
1636372730
2103743660
1043245704
2040704602
2109047936
233146098
66867506
17167552
1030006682
1303255908
1373954530
949112396
743542044
1532215512
182359098
1332283776
856253194
563106424
1383835574
722614376
900646894
1851774534
1660787530
1397537630
2141805670
66038344
1919716154
407743610
1424399004
878179284
547569030
1873616212
49545360
1194491992
1427438814
936717152
2068683536
1505718068
730685368
1279213208
1099867540
1227381788
1112820608
751556344
189769288
616992804
304325970
1311023430
1429937236
1709565380
1630210202
1649452486
1417225756
1491167428
1086592924
815058510
1773904802
1996884878
1713447668
956562014
408910
1747351918
737536282
1833292676
699282586
6584002
1738284618
1774379782
106218292
1024936504
404969300
1475591720
1281406722
1413671294
917708970
955497282
1829302552
577540512
1746282812
1462282852
870568320
302113168
1337466098
595832832
1685797900
177235274
125118222
871980542
553792388
1950765010
460215596
754039074
1217281560
1202131848
738788878
65829338
1914345466
823222668
566196342
437340808
851095184
2009682312
1761884316
1306330552
386027074
2132559744
1210946866
1805939078
442623124
137812386
784037252
11670574
1023403356
102091834
164155966
775359590
612947106
387947888
881628312
472801194
2143541794
268366540
20270240
989141080
1280554166
1150432924
1454519476
441428480
1318105190
195776626
1624453184
1333807382
1691444952
1521873906
363228616
2082757760
845504010
221140730
890889220
1360858180
1145250544
2041530836
930410578
1011226626
244757566
1048210364
653677052
947772120
1197221546
329496564
1028011616
77210024
127320590
120442554
845508998
115701934
1893848654
320898550
1358635310
1308557260
2072402070
838456080
944868304
1098553862
1730761802
538498916
1524420228
736444280
685192976
30522062
1011225116
1483837528
1779822590
1382273062
1174754998
949023274
